"TOA5","CR300Series_FCRWeir","CR300","5318","CR310.Std.08.01","CPU:CR310_20230717.CR300","59425","FCRWeir"
"TIMESTAMP","RECORD","BattV","PTemp_C","AirTemp_C","Lvl_psi","wtr_weir"
"TS","RN","Volts","Deg C","Deg C","psi","deg C"
"","","Smp","Smp","Smp","Smp","Smp"
"2023-10-03 13:15:00",2015,12.27,23.33,22.7,0.228,17.36
"2023-10-03 13:30:00",2016,12.08,24.97,25.55,0.228,17.39
"2023-10-03 13:45:00",2017,12.07,25.4,26.43,0.227,17.4
"2023-10-03 14:00:00",2018,12.21,23.86,24.62,0.228,17.39
"2023-10-03 14:15:00",2019,12.21,23.67,23.59,0.227,17.4
"2023-10-03 14:30:00",2020,12.17,23.51,23.18,0.228,17.51
"2023-10-03 14:45:00",2021,12.15,23.41,22.99,0.228,17.57
"2023-10-03 15:00:00",2022,12.26,23.33,22.85,0.228,17.55
"2023-10-03 15:15:00",2023,12.25,23.2,22.72,0.227,17.62
"2023-10-03 15:30:00",2024,12.21,23.21,22.73,0.226,17.63
"2023-10-03 15:45:00",2025,12.18,23.23,22.75,0.228,17.74
"2023-10-03 16:00:00",2026,12.27,23.24,22.74,0.227,17.75
"2023-10-03 16:15:00",2027,12.25,23.31,22.82,0.227,17.78
"2023-10-03 16:30:00",2028,12.15,23.2,22.67,0.228,17.76
"2023-10-03 16:45:00",2029,12.18,22.83,22.32,0.228,17.78
"2023-10-03 17:00:00",2030,12.13,22.59,22.07,0.226,17.74
"2023-10-03 17:15:00",2031,12.23,22.26,21.75,0.226,17.69
"2023-10-03 17:30:00",2032,12.16,21.95,21.46,0.226,17.65
"2023-10-03 17:45:00",2033,12.13,21.81,21.34,0.227,17.61
"2023-10-03 18:00:00",2034,12.22,21.34,20.86,0.226,17.57
"2023-10-03 18:15:00",2035,12.17,20.99,20.52,0.225,17.51
"2023-10-03 18:30:00",2036,12.07,22.56,23.19,0.227,17.46
"2023-10-03 18:45:00",2037,12.02,22.91,24.01,0.225,17.42
"2023-10-03 19:00:00",2038,12.13,21.31,22.19,0.227,17.35
"2023-10-03 19:15:00",2039,12.21,20.88,20.84,0.225,17.31
"2023-10-03 19:30:00",2040,12.19,20.49,20.16,0.225,17.25
"2023-10-03 19:45:00",2041,12.2,19.97,19.58,0.226,17.18
"2023-10-03 20:00:00",2042,12.21,19.64,19.22,0.225,17.13
"2023-10-03 20:15:00",2043,12.1,19.4,18.96,0.226,17.08
"2023-10-03 20:30:00",2044,12.21,19.18,18.76,0.226,17.03
"2023-10-03 20:45:00",2045,12.15,19.16,18.75,0.226,16.97
"2023-10-03 21:00:00",2046,12.14,18.86,18.46,0.226,16.92
"2023-10-03 21:15:00",2047,12.21,18.72,18.3,0.226,16.88
"2023-10-03 21:30:00",2048,12.16,18.6,18.21,0.226,16.83
"2023-10-03 21:45:00",2049,12.22,18.51,18.1,0.227,16.79
"2023-10-03 22:00:00",2050,12.22,18.41,18.01,0.226,16.75
"2023-10-03 22:15:00",2051,12.22,18.31,17.89,0.226,16.7
"2023-10-03 22:30:00",2052,12.17,18.2,17.79,0.227,16.65
"2023-10-03 22:45:00",2053,12.2,18.14,17.73,0.226,16.62
"2023-10-03 23:00:00",2054,12.19,18.05,17.64,0.227,16.58
"2023-10-03 23:15:00",2055,12.13,17.96,17.57,0.226,16.53
"2023-10-03 23:30:00",2056,12.15,17.92,17.52,0.227,16.49
"2023-10-03 23:45:00",2057,12.15,17.87,17.46,0.226,16.45
"2023-10-04 00:00:00",2058,12.14,17.92,17.51,0.226,16.41
"2023-10-04 00:15:00",2059,12.11,17.74,17.32,0.226,16.38
"2023-10-04 00:30:00",2060,12.06,19.56,20.25,0.225,16.34
"2023-10-04 00:45:00",2061,12.03,20.11,21.3,0.226,16.31
"2023-10-04 01:00:00",2062,12.11,18.62,19.53,0.227,16.26
"2023-10-04 01:15:00",2063,12.15,18.35,18.34,0.226,16.23
"2023-10-04 01:30:00",2064,12.16,17.98,17.68,0.226,16.19
"2023-10-04 01:45:00",2065,12.12,17.75,17.36,0.225,16.15
"2023-10-04 02:00:00",2066,12.18,17.47,17.06,0.226,16.11
"2023-10-04 02:15:00",2067,12.18,17.3,16.9,0.226,16.09
"2023-10-04 02:30:00",2068,12.12,17.2,16.79,0.226,16.05
"2023-10-04 02:45:00",2069,12.23,17.1,16.68,0.227,16.02
"2023-10-04 03:00:00",2070,12.12,17,16.58,0.226,15.99
"2023-10-04 03:15:00",2071,12.11,16.92,16.52,0.227,15.94
"2023-10-04 03:30:00",2072,12.13,16.85,16.45,0.226,15.91
"2023-10-04 03:45:00",2073,12.14,16.78,16.39,0.226,15.87
"2023-10-04 04:00:00",2074,12.13,16.71,16.29,0.226,15.85
"2023-10-04 04:15:00",2075,12.22,16.64,16.24,0.225,15.82
"2023-10-04 04:30:00",2076,12.19,16.59,16.19,0.226,15.78
"2023-10-04 04:45:00",2077,12.15,16.57,16.17,0.226,15.76
"2023-10-04 05:00:00",2078,12.24,16.5,16.1,0.226,15.73
"2023-10-04 05:15:00",2079,12.11,16.6,16.2,0.226,15.7
"2023-10-04 05:30:00",2080,12.22,16.56,16.13,0.226,15.66
"2023-10-04 05:45:00",2081,12.14,16.52,16.12,0.225,15.64
"2023-10-04 06:00:00",2082,12.12,16.53,16.13,0.226,15.61
"2023-10-04 06:15:00",2083,12.2,16.5,16.1,0.226,15.6
"2023-10-04 06:30:00",2084,12.14,16.48,16.08,0.226,15.57
"2023-10-04 06:45:00",2085,12.2,16.48,16.07,0.225,15.55
"2023-10-04 07:00:00",2086,12.17,16.49,16.07,0.225,15.52
"2023-10-04 07:15:00",2087,12.21,16.53,16.13,0.226,15.51
"2023-10-04 07:30:00",2088,12.14,16.47,16.07,0.225,15.5
"2023-10-04 07:45:00",2089,12.15,16.57,16.21,0.225,15.5
"2023-10-04 08:00:00",2090,12.15,16.79,16.45,0.226,15.52
"2023-10-04 08:15:00",2091,12.24,17.03,16.71,0.226,15.54
"2023-10-04 08:30:00",2092,12.06,19.32,20.08,0.226,15.59
"2023-10-04 08:45:00",2093,12.04,20.34,21.54,0.226,15.64
"2023-10-04 09:00:00",2094,12.14,19.34,20.29,0.227,15.69
"2023-10-04 09:15:00",2095,12.17,19.47,19.5,0.227,15.74
"2023-10-04 09:30:00",2096,12.02,21.4,22.22,0.227,15.82
"2023-10-04 09:45:00",2097,12.07,22.12,23.26,0.226,15.89
"2023-10-04 10:00:00",2098,12.17,20.92,21.81,0.226,15.97
"2023-10-04 10:15:00",2099,12.19,20.87,20.86,0.226,16.04
"2023-10-04 10:30:00",2100,12.23,20.77,20.49,0.227,16.11
"2023-10-04 10:45:00",2101,12.17,20.7,20.32,0.228,16.21
"2023-10-04 11:00:00",2102,12.23,20.66,20.23,0.227,16.26
"2023-10-04 11:15:00",2103,12.24,20.83,20.42,0.227,16.32
"2023-10-04 11:30:00",2104,12.2,21.22,20.84,0.227,16.45
"2023-10-04 11:45:00",2105,12.23,21.24,20.78,0.228,16.53
"2023-10-04 12:00:00",2106,12.27,21.51,21.08,0.226,16.63
"2023-10-04 12:15:00",2107,12.21,21.66,21.19,0.228,16.75
"2023-10-04 12:30:00",2108,12.26,21.66,21.16,0.228,16.76
"2023-10-04 12:45:00",2109,12.16,21.68,21.21,0.227,16.79
"2023-10-04 13:00:00",2110,12.23,21.64,21.15,0.228,16.9
"2023-10-04 13:15:00",2111,12.19,21.67,21.21,0.227,16.93
"2023-10-04 13:30:00",2112,12.05,23.66,24.33,0.228,17.01
"2023-10-04 13:45:00",2113,12.04,24.39,25.46,0.227,17.05
"2023-10-04 14:00:00",2114,12.18,23.14,23.97,0.227,17.08
"2023-10-04 14:15:00",2115,12.19,23.14,23.1,0.228,17.2
"2023-10-04 14:30:00",2116,12.28,23.23,22.93,0.227,17.25
"2023-10-04 14:45:00",2117,12.18,23.06,22.62,0.227,17.34
"2023-10-04 15:00:00",2118,12.17,22.98,22.49,0.228,17.4
"2023-10-04 15:15:00",2119,12.21,22.91,22.42,0.227,17.48
"2023-10-04 15:30:00",2120,12.23,22.91,22.41,0.227,17.49
"2023-10-04 15:45:00",2121,12.15,22.83,22.33,0.226,17.49
"2023-10-04 16:00:00",2122,12.24,22.75,22.26,0.226,17.55
"2023-10-04 16:15:00",2123,12.19,22.6,22.09,0.227,17.55
"2023-10-04 16:30:00",2124,12.15,22.41,21.9,0.227,17.56
"2023-10-04 16:45:00",2125,12.22,22.17,21.67,0.227,17.54
"2023-10-04 17:00:00",2126,12.24,22.01,21.53,0.226,17.51
"2023-10-04 17:15:00",2127,12.2,21.95,21.49,0.226,17.5
"2023-10-04 17:30:00",2128,12.21,21.7,21.22,0.226,17.47
"2023-10-04 17:45:00",2129,12.21,21.44,20.96,0.225,17.43
"2023-10-04 18:00:00",2130,12.16,21.14,20.65,0.225,17.39
"2023-10-04 18:15:00",2131,12.19,20.83,20.34,0.225,17.34
"2023-10-04 18:30:00",2132,12.06,22.36,22.97,0.226,17.29
"2023-10-04 18:45:00",2133,12.05,22.65,23.74,0.225,17.23
"2023-10-04 19:00:00",2134,12.19,20.93,21.75,0.225,17.15
"2023-10-04 19:15:00",2135,12.21,20.55,20.49,0.225,17.12
"2023-10-04 19:30:00",2136,12.16,19.86,19.52,0.225,17.03
"2023-10-04 19:45:00",2137,12.2,19.36,18.95,0.225,17
"2023-10-04 20:00:00",2138,12.18,19.04,18.62,0.225,16.94
"2023-10-04 20:15:00",2139,12.22,18.77,18.35,0.224,16.88
"2023-10-04 20:30:00",2140,12.19,18.58,18.15,0.225,16.82
"2023-10-04 20:45:00",2141,12.2,18.33,17.89,0.225,16.75
"2023-10-04 21:00:00",2142,12.1,18.13,17.7,0.224,16.68
"2023-10-04 21:15:00",2143,12.21,17.96,17.52,0.225,16.62
"2023-10-04 21:30:00",2144,12.13,17.82,17.4,0.224,16.57
"2023-10-04 21:45:00",2145,12.22,17.76,17.35,0.225,16.51
"2023-10-04 22:00:00",2146,12.18,17.65,17.21,0.225,16.45
"2023-10-04 22:15:00",2147,12.14,17.49,17.05,0.226,16.4
"2023-10-04 22:30:00",2148,12.2,17.39,17,0.224,16.35
"2023-10-04 22:45:00",2149,12.16,17.37,16.94,0.225,16.29
"2023-10-04 23:00:00",2150,12.16,17.31,16.89,0.225,16.25
"2023-10-04 23:15:00",2151,12.18,17.28,16.87,0.225,16.22
"2023-10-04 23:30:00",2152,12.22,17.31,16.92,0.225,16.2
"2023-10-04 23:45:00",2153,12.21,17.33,16.94,0.225,16.17
"2023-10-05 00:00:00",2154,12.21,17.31,16.9,0.224,16.13
"2023-10-05 00:15:00",2155,12.18,17.26,16.84,0.225,16.1
"2023-10-05 00:30:00",2156,12.02,19.06,19.75,0.225,16.06
"2023-10-05 00:45:00",2157,12.03,19.63,20.83,0.224,16.04
"2023-10-05 01:00:00",2158,12.15,18.23,19.15,0.224,16
"2023-10-05 01:15:00",2159,12.19,18.04,18.04,0.225,15.98
"2023-10-05 01:30:00",2160,12.2,17.81,17.5,0.224,15.94
"2023-10-05 01:45:00",2161,12.2,17.32,16.89,0.225,15.9
"2023-10-05 02:00:00",2162,12.2,17,16.57,0.225,15.85
"2023-10-05 02:15:00",2163,12.17,16.8,16.38,0.225,15.82
"2023-10-05 02:30:00",2164,12.12,16.65,16.22,0.225,15.79
"2023-10-05 02:45:00",2165,12.2,16.51,16.09,0.225,15.74
"2023-10-05 03:00:00",2166,12.15,16.47,16.02,0.224,15.69
"2023-10-05 03:15:00",2167,12.18,16.15,15.71,0.225,15.64
"2023-10-05 03:30:00",2168,12.13,15.98,15.55,0.225,15.59
"2023-10-05 03:45:00",2169,12.12,15.82,15.38,0.225,15.53
"2023-10-05 04:00:00",2170,12.15,15.63,15.21,0.224,15.48
"2023-10-05 04:15:00",2171,12.21,15.52,15.1,0.224,15.43
"2023-10-05 04:30:00",2172,12.14,15.41,15,0.224,15.39
"2023-10-05 04:45:00",2173,12.23,15.35,14.94,0.224,15.33
"2023-10-05 05:00:00",2174,12.19,15.31,14.9,0.224,15.28
"2023-10-05 05:15:00",2175,12.12,15.25,14.84,0.224,15.23
"2023-10-05 05:30:00",2176,12.21,15.19,14.77,0.223,15.19
"2023-10-05 05:45:00",2177,12.12,15.15,14.74,0.224,15.12
"2023-10-05 06:00:00",2178,12.2,15.12,14.7,0.224,15.1
"2023-10-05 06:15:00",2179,12.15,15.21,14.79,0.223,15.06
"2023-10-05 06:30:00",2180,12.2,15.18,14.76,0.224,15.02
"2023-10-05 06:45:00",2181,12.14,15.21,14.79,0.224,14.98
"2023-10-05 07:00:00",2182,12.12,15.24,14.83,0.223,14.94
"2023-10-05 07:15:00",2183,12.13,15.14,14.74,0.223,14.92
"2023-10-05 07:30:00",2184,12.13,15.22,14.83,0.223,14.91
"2023-10-05 07:45:00",2185,12.21,15.4,15.03,0.224,14.91
"2023-10-05 08:00:00",2186,12.12,15.61,15.28,0.223,14.92
"2023-10-05 08:15:00",2187,12.19,15.89,15.56,0.224,14.95
"2023-10-05 08:30:00",2188,12.03,18.11,18.85,0.223,14.99
"2023-10-05 08:45:00",2189,12.03,19.09,20.25,0.224,15.04
"2023-10-05 09:00:00",2190,12.14,18.05,18.98,0.224,15.09
"2023-10-05 09:15:00",2191,12.2,18.24,18.3,0.224,15.16
"2023-10-05 09:30:00",2192,12.04,20.18,20.99,0.224,15.22
"2023-10-05 09:45:00",2193,12.03,20.9,22.03,0.224,15.29
"2023-10-05 10:00:00",2194,12.19,19.68,20.56,0.225,15.36
"2023-10-05 10:15:00",2195,12.2,19.68,19.66,0.224,15.44
"2023-10-05 10:30:00",2196,12.22,19.6,19.31,0.225,15.52
"2023-10-05 10:45:00",2197,12.23,19.61,19.23,0.225,15.61
"2023-10-05 11:00:00",2198,12.2,19.66,19.24,0.225,15.7
"2023-10-05 11:15:00",2199,12.19,19.77,19.34,0.226,15.78
"2023-10-05 11:30:00",2200,12.25,19.86,19.41,0.226,15.86
"2023-10-05 11:45:00",2201,12.16,19.95,19.49,0.226,15.93
"2023-10-05 12:00:00",2202,12.26,20.12,19.68,0.225,16
"2023-10-05 12:15:00",2203,12.16,20.26,19.79,0.226,16.07
"2023-10-05 12:30:00",2204,12.28,20.39,19.93,0.226,16.14
"2023-10-05 12:45:00",2205,12.19,20.62,20.16,0.225,16.22
"2023-10-05 13:00:00",2206,12.18,20.56,20.07,0.226,16.27
"2023-10-05 13:15:00",2207,12.2,20.59,20.05,0.225,16.31
"2023-10-05 13:30:00",2208,12.09,22.3,22.91,0.225,16.33
"2023-10-05 13:45:00",2209,12.04,23,24.1,0.225,16.37
"2023-10-05 14:00:00",2210,12.22,21.77,22.61,0.226,16.42
"2023-10-05 14:15:00",2211,12.16,21.86,21.81,0.225,16.48
"2023-10-05 14:30:00",2212,12.17,21.56,21.23,0.225,16.5
"2023-10-05 14:45:00",2213,12.14,21.41,20.97,0.225,16.54
"2023-10-05 15:00:00",2214,12.19,21.23,20.77,0.225,16.57
"2023-10-05 15:15:00",2215,12.22,21.04,20.55,0.225,16.59
"2023-10-05 15:30:00",2216,12.11,20.86,20.37,0.225,16.6
"2023-10-05 15:45:00",2217,12.23,20.69,20.21,0.225,16.61
"2023-10-05 16:00:00",2218,12.21,20.61,20.16,0.224,16.62
"2023-10-05 16:15:00",2219,12.23,20.55,20.1,0.225,16.62
"2023-10-05 16:30:00",2220,12.14,20.49,20.04,0.224,16.62
"2023-10-05 16:45:00",2221,12.19,20.45,19.99,0.225,16.62
"2023-10-05 17:00:00",2222,12.2,20.47,20.01,0.224,16.61
"2023-10-05 17:15:00",2223,12.2,20.15,19.69,0.224,16.59
"2023-10-05 17:30:00",2224,12.1,19.95,19.49,0.224,16.57
"2023-10-05 17:45:00",2225,12.16,19.71,19.24,0.223,16.55
"2023-10-05 18:00:00",2226,12.2,19.51,19.08,0.224,16.53
"2023-10-05 18:15:00",2227,12.18,19.31,18.86,0.223,16.5
"2023-10-05 18:30:00",2228,12.03,20.94,21.59,0.224,16.46
"2023-10-05 18:45:00",2229,12.05,21.29,22.39,0.224,16.41
"2023-10-05 19:00:00",2230,12.09,19.61,20.48,0.224,16.37
"2023-10-05 19:15:00",2231,12.16,19.16,19.12,0.224,16.31
"2023-10-05 19:30:00",2232,12.22,18.62,18.31,0.224,16.27
"2023-10-05 19:45:00",2233,12.13,18.18,17.78,0.224,16.2
"2023-10-05 20:00:00",2234,12.14,17.88,17.47,0.224,16.16
"2023-10-05 20:15:00",2235,12.13,17.8,17.37,0.223,16.1
"2023-10-05 20:30:00",2236,12.2,17.44,16.99,0.224,16.04
"2023-10-05 20:45:00",2237,12.13,17.25,16.83,0.224,16
"2023-10-05 21:00:00",2238,12.13,17.1,16.67,0.224,15.95
"2023-10-05 21:15:00",2239,12.12,16.95,16.53,0.224,15.89
"2023-10-05 21:30:00",2240,12.11,16.83,16.42,0.224,15.84
"2023-10-05 21:45:00",2241,12.15,16.7,16.29,0.224,15.79
"2023-10-05 22:00:00",2242,12.15,16.62,16.22,0.223,15.74
"2023-10-05 22:15:00",2243,12.12,16.57,16.17,0.225,15.7
"2023-10-05 22:30:00",2244,12.12,16.51,16.11,0.224,15.67
"2023-10-05 22:45:00",2245,12.12,16.5,16.09,0.223,15.63
"2023-10-05 23:00:00",2246,12.19,16.59,16.18,0.224,15.59
"2023-10-05 23:15:00",2247,12.15,16.56,16.17,0.224,15.56
"2023-10-05 23:30:00",2248,12.21,16.56,16.15,0.224,15.53
"2023-10-05 23:45:00",2249,12.12,16.46,16.06,0.224,15.51
"2023-10-06 00:00:00",2250,12.13,16.43,16.01,0.225,15.48
"2023-10-06 00:15:00",2251,12.14,16.5,16.09,0.224,15.45
"2023-10-06 00:30:00",2252,11.98,18.27,18.98,0.224,15.43
"2023-10-06 00:45:00",2253,12.02,18.94,20.13,0.224,15.42
"2023-10-06 01:00:00",2254,12.15,17.58,18.52,0.225,15.39
"2023-10-06 01:15:00",2255,12.16,17.42,17.44,0.224,15.38
"2023-10-06 01:30:00",2256,12.21,17.13,16.86,0.225,15.36
"2023-10-06 01:45:00",2257,12.2,16.92,16.57,0.224,15.35
"2023-10-06 02:00:00",2258,12.11,16.81,16.43,0.225,15.34
"2023-10-06 02:15:00",2259,12.12,16.72,16.33,0.224,15.33
"2023-10-06 02:30:00",2260,12.13,16.68,16.29,0.224,15.32
"2023-10-06 02:45:00",2261,12.16,16.66,16.28,0.224,15.32
"2023-10-06 03:00:00",2262,12.14,16.66,16.26,0.225,15.32
"2023-10-06 03:15:00",2263,12.13,16.67,16.27,0.224,15.3
"2023-10-06 03:30:00",2264,12.13,16.67,16.28,0.224,15.31
"2023-10-06 03:45:00",2265,12.08,16.68,16.28,0.225,15.3
"2023-10-06 04:00:00",2266,12.14,16.69,16.3,0.224,15.3
"2023-10-06 04:15:00",2267,12.13,16.73,16.33,0.225,15.3
"2023-10-06 04:30:00",2268,12.16,16.74,16.33,0.225,15.3
"2023-10-06 04:45:00",2269,12.22,16.75,16.35,0.225,15.3
"2023-10-06 05:00:00",2270,12.14,16.75,16.36,0.225,15.3
"2023-10-06 05:15:00",2271,12.1,16.78,16.4,0.225,15.3
"2023-10-06 05:30:00",2272,12.1,16.82,16.43,0.225,15.31
"2023-10-06 05:45:00",2273,12.16,16.84,16.45,0.225,15.31
"2023-10-06 06:00:00",2274,12.17,16.87,16.47,0.225,15.32
"2023-10-06 06:15:00",2275,12.2,16.88,16.5,0.225,15.31
"2023-10-06 06:30:00",2276,12.1,16.9,16.51,0.226,15.32
"2023-10-06 06:45:00",2277,12.19,16.99,16.59,0.225,15.32
"2023-10-06 07:00:00",2278,12.18,17.04,16.65,0.225,15.33
"2023-10-06 07:15:00",2279,12.15,17.09,16.69,0.224,15.34
"2023-10-06 07:30:00",2280,12.15,17.16,16.76,0.225,15.34
"2023-10-06 07:45:00",2281,12.17,17.23,16.84,0.226,15.36
"2023-10-06 08:00:00",2282,12.15,17.32,16.92,0.225,15.37
"2023-10-06 08:15:00",2283,12.13,17.46,17.06,0.226,15.4
"2023-10-06 08:30:00",2284,12.03,19.53,20.24,0.226,15.44
"2023-10-06 08:45:00",2285,12.02,20.41,21.58,0.225,15.48
"2023-10-06 09:00:00",2286,12.15,19.3,20.24,0.226,15.52
"2023-10-06 09:15:00",2287,12.13,19.32,19.32,0.225,15.56
"2023-10-06 09:30:00",2288,12.03,21.17,21.96,0.226,15.61
"2023-10-06 09:45:00",2289,12,21.99,23.12,0.226,15.7
"2023-10-06 10:00:00",2290,12.15,20.66,21.55,0.226,15.74
"2023-10-06 10:15:00",2291,12.14,20.68,20.66,0.226,15.82
"2023-10-06 10:30:00",2292,12.14,20.6,20.3,0.226,15.9
"2023-10-06 10:45:00",2293,12.18,20.53,20.12,0.226,15.96
"2023-10-06 11:00:00",2294,12.18,20.52,20.08,0.227,16.03
"2023-10-06 11:15:00",2295,12.16,20.52,20.06,0.226,16.08
"2023-10-06 11:30:00",2296,12.19,20.68,20.25,0.227,16.16
"2023-10-06 11:45:00",2297,12.16,20.88,20.47,0.227,16.24
"2023-10-06 12:00:00",2298,12.22,21.27,20.88,0.228,16.35
"2023-10-06 12:15:00",2299,12.25,21.68,21.28,0.228,16.52
"2023-10-06 12:30:00",2300,12.28,22.14,21.71,0.228,16.62
"2023-10-06 12:45:00",2301,12.23,22.28,21.72,0.228,16.73
"2023-10-06 13:00:00",2302,12.23,22.3,21.76,0.227,16.74
"2023-10-06 13:15:00",2303,12.27,22.33,21.8,0.227,16.86
"2023-10-06 13:30:00",2304,12.06,24.24,24.85,0.227,16.93
"2023-10-06 13:45:00",2305,12.05,24.97,26.02,0.228,16.95
"2023-10-06 14:00:00",2306,12.16,23.69,24.49,0.227,17.02
"2023-10-06 14:15:00",2307,12.11,23.57,23.49,0.226,17.11
"2023-10-06 14:30:00",2308,12.21,23.31,22.93,0.227,17.13
"2023-10-06 14:45:00",2309,12.17,22.94,22.45,0.226,17.16
"2023-10-06 15:00:00",2310,12.17,22.63,22.15,0.226,17.17
"2023-10-06 15:15:00",2311,12.23,22.51,22.05,0.226,17.19
"2023-10-06 15:30:00",2312,12.13,22.41,21.93,0.226,17.24
"2023-10-06 15:45:00",2313,12.17,22.25,21.75,0.226,17.21
"2023-10-06 16:00:00",2314,12.15,22.08,21.59,0.226,17.22
"2023-10-06 16:15:00",2315,12.14,21.92,21.45,0.225,17.22
"2023-10-06 16:30:00",2316,12.14,21.91,21.43,0.226,17.21
"2023-10-06 16:45:00",2317,12.16,21.82,21.36,0.225,17.18
"2023-10-06 17:00:00",2318,12.16,21.61,21.16,0.225,17.2
"2023-10-06 17:15:00",2319,12.19,21.57,21.11,0.226,17.19
"2023-10-06 17:30:00",2320,12.11,21.47,21.02,0.226,17.18
"2023-10-06 17:45:00",2321,12.21,21.33,20.88,0.226,17.16
"2023-10-06 18:00:00",2322,12.15,21.2,20.75,0.224,17.15
"2023-10-06 18:15:00",2323,12.13,21.01,20.55,0.225,17.13
"2023-10-06 18:30:00",2324,12.04,22.68,23.32,0.225,17.09
"2023-10-06 18:45:00",2325,12.03,23.07,24.16,0.226,17.05
"2023-10-06 19:00:00",2326,12.18,21.51,22.38,0.225,17.03
"2023-10-06 19:15:00",2327,12.12,21.14,21.11,0.225,17
"2023-10-06 19:30:00",2328,12.1,20.67,20.36,0.226,16.96
"2023-10-06 19:45:00",2329,12.14,20.28,19.87,0.226,16.93
"2023-10-06 20:00:00",2330,12.2,19.92,19.49,0.225,16.89
"2023-10-06 20:15:00",2331,12.21,19.67,19.25,0.225,16.86
"2023-10-06 20:30:00",2332,12.16,19.48,19.06,0.225,16.83
"2023-10-06 20:45:00",2333,12.17,19.36,18.95,0.225,16.8
"2023-10-06 21:00:00",2334,12.12,19.21,18.8,0.225,16.77
"2023-10-06 21:15:00",2335,12.2,19.25,18.86,0.225,16.75
"2023-10-06 21:30:00",2336,12.17,19.2,18.83,0.226,16.73
"2023-10-06 21:45:00",2337,12.13,19.24,18.88,0.226,16.72
"2023-10-06 22:00:00",2338,12.11,19.29,18.92,0.227,16.7
"2023-10-06 22:15:00",2339,12.16,19.31,18.94,0.229,16.71
"2023-10-06 22:30:00",2340,12.17,19.28,18.9,0.232,16.69
"2023-10-06 22:45:00",2341,12.11,19.16,18.78,0.235,16.68
"2023-10-06 23:00:00",2342,12.13,19.2,18.82,0.235,16.68
"2023-10-06 23:15:00",2343,12.13,19.16,18.77,0.236,16.66
"2023-10-06 23:30:00",2344,12.18,19.16,18.75,0.238,16.66
"2023-10-06 23:45:00",2345,12.1,19.13,18.71,0.244,16.65
"2023-10-07 00:00:00",2346,12.11,19.18,18.78,0.247,16.63
"2023-10-07 00:15:00",2347,12.21,18.96,18.56,0.246,16.62
"2023-10-07 00:30:00",2348,12.05,20.86,21.59,0.243,16.61
"2023-10-07 00:45:00",2349,12,21.42,22.59,0.24,16.6
"2023-10-07 01:00:00",2350,12.18,19.86,20.8,0.237,16.57
"2023-10-07 01:15:00",2351,12.18,19.4,19.38,0.236,16.54
"2023-10-07 01:30:00",2352,12.12,18.68,18.34,0.233,16.46
"2023-10-07 01:45:00",2353,12.19,18,17.6,0.233,16.4
"2023-10-07 02:00:00",2354,12.13,17.63,17.26,0.231,16.37
"2023-10-07 02:15:00",2355,12.11,17.31,16.93,0.231,16.31
"2023-10-07 02:30:00",2356,12.13,17.09,16.71,0.23,16.24
"2023-10-07 02:45:00",2357,12.17,16.91,16.55,0.23,16.17
"2023-10-07 03:00:00",2358,12.18,16.87,16.53,0.229,16.12
"2023-10-07 03:15:00",2359,12.18,16.78,16.4,0.229,16.04
"2023-10-07 03:30:00",2360,12.15,16.7,16.34,0.229,16
"2023-10-07 03:45:00",2361,12.11,16.61,16.23,0.229,15.94
"2023-10-07 04:00:00",2362,12.13,16.49,16.11,0.229,15.89
"2023-10-07 04:15:00",2363,12.1,16.43,16.04,0.228,15.85
"2023-10-07 04:30:00",2364,12.11,16.31,15.91,0.227,15.8
"2023-10-07 04:45:00",2365,12.11,16.11,15.7,0.228,15.72
"2023-10-07 05:00:00",2366,12.15,15.91,15.5,0.228,15.67
"2023-10-07 05:15:00",2367,12.18,15.63,15.21,0.229,15.57
"2023-10-07 05:30:00",2368,12.17,15.33,14.91,0.229,15.45
"2023-10-07 05:45:00",2369,12.11,15.2,14.81,0.23,15.38
"2023-10-07 06:00:00",2370,12.08,14.93,14.55,0.229,15.31
"2023-10-07 06:15:00",2371,12.11,14.85,14.47,0.229,15.26
"2023-10-07 06:30:00",2372,12.2,14.76,14.37,0.23,15.17
"2023-10-07 06:45:00",2373,12.12,14.7,14.33,0.23,15.12
"2023-10-07 07:00:00",2374,12.17,14.64,14.25,0.23,15.03
"2023-10-07 07:15:00",2375,12.11,14.53,14.12,0.23,14.96
"2023-10-07 07:30:00",2376,12.15,14.43,14,0.229,14.87
"2023-10-07 07:45:00",2377,12.09,14.33,13.92,0.23,14.82
"2023-10-07 08:00:00",2378,12.18,14.29,13.87,0.228,14.73
"2023-10-07 08:15:00",2379,12.12,14.23,13.82,0.227,14.65
"2023-10-07 08:30:00",2380,12.01,16.16,16.87,0.226,14.61
"2023-10-07 08:45:00",2381,11.99,16.78,17.96,0.226,14.53
"2023-10-07 09:00:00",2382,12.16,15.34,16.24,0.224,14.48
"2023-10-07 09:15:00",2383,12.16,15.12,15.1,0.224,14.4
"2023-10-07 09:30:00",2384,12.01,16.77,17.52,0.224,14.36
"2023-10-07 09:45:00",2385,12.01,17.24,18.4,0.223,14.3
"2023-10-07 10:00:00",2386,12.17,15.7,16.55,0.223,14.18
"2023-10-07 10:15:00",2387,12.21,15.4,15.38,0.223,14.17
"2023-10-07 10:30:00",2388,12.2,15.19,14.89,0.222,14.13
"2023-10-07 10:45:00",2389,12.13,14.88,14.52,0.221,14.09
"2023-10-07 11:00:00",2390,12.2,14.82,14.42,0.222,14.05
"2023-10-07 11:15:00",2391,12.16,14.8,14.39,0.22,13.99
"2023-10-07 11:30:00",2392,12.23,14.92,14.51,0.22,14.03
"2023-10-07 11:45:00",2393,12.2,14.94,14.51,0.221,14.01
"2023-10-07 12:00:00",2394,12.2,15.13,14.74,0.22,14.03
"2023-10-07 12:15:00",2395,12.17,15.38,15.03,0.221,14.08
"2023-10-07 12:30:00",2396,12.23,15.69,15.32,0.22,14.09
"2023-10-07 12:45:00",2397,12.22,15.8,15.36,0.219,14.08
"2023-10-07 13:00:00",2398,12.23,15.9,15.48,0.219,14.13
"2023-10-07 13:15:00",2399,12.18,16.05,15.61,0.219,14.15
"2023-10-07 13:30:00",2400,12.06,18.07,18.75,0.219,14.12
"2023-10-07 13:45:00",2401,12.03,18.7,19.8,0.218,14.16
"2023-10-07 14:00:00",2402,12.11,17.36,18.25,0.217,14.12
"2023-10-07 14:15:00",2403,12.15,17.09,17.07,0.217,14.05
"2023-10-07 14:30:00",2404,12.22,16.89,16.55,0.218,14.02
"2023-10-07 14:45:00",2405,12.21,16.52,16.09,0.218,13.96
"2023-10-07 15:00:00",2406,12.22,16.22,15.77,0.216,13.88
"2023-10-07 15:15:00",2407,12.17,16.05,15.62,0.217,13.85
"2023-10-07 15:30:00",2408,12.14,15.94,15.49,0.216,13.75
"2023-10-07 15:45:00",2409,12.16,15.84,15.4,0.216,13.73
"2023-10-07 16:00:00",2410,12.15,15.72,15.26,0.216,13.72
"2023-10-07 16:15:00",2411,12.13,15.64,15.21,0.216,13.7
"2023-10-07 16:30:00",2412,12.15,15.54,15.06,0.216,13.59
"2023-10-07 16:45:00",2413,12.11,15.26,14.74,0.214,13.48
"2023-10-07 17:00:00",2414,12.1,14.89,14.39,0.214,13.44
"2023-10-07 17:15:00",2415,12.16,14.59,14.1,0.214,13.29
"2023-10-07 17:30:00",2416,12.09,14.26,13.79,0.214,13.2
"2023-10-07 17:45:00",2417,12.12,13.94,13.48,0.214,13.11
"2023-10-07 18:00:00",2418,12.19,13.64,13.18,0.214,12.97
"2023-10-07 18:15:00",2419,12.08,13.33,12.89,0.213,12.94
"2023-10-07 18:30:00",2420,11.98,15.05,15.75,0.213,12.83
"2023-10-07 18:45:00",2421,11.98,15.47,16.61,0.213,12.75
"2023-10-07 19:00:00",2422,12.06,13.93,14.91,0.212,12.69
"2023-10-07 19:15:00",2423,12.19,13.77,13.79,0.213,12.63
"2023-10-07 19:30:00",2424,12.15,13.19,12.88,0.212,12.55
"2023-10-07 19:45:00",2425,12.12,12.76,12.37,0.213,12.47
"2023-10-07 20:00:00",2426,12.14,12.56,12.17,0.213,12.39
"2023-10-07 20:15:00",2427,12.14,12.29,11.9,0.213,12.35
"2023-10-07 20:30:00",2428,12.09,12.05,11.64,0.213,12.29
"2023-10-07 20:45:00",2429,12.17,11.91,11.48,0.212,12.25
"2023-10-07 21:00:00",2430,12.07,11.67,11.2,0.212,12.17
"2023-10-07 21:15:00",2431,12.08,11.49,11.14,0.213,12.11
"2023-10-07 21:30:00",2432,12.13,11.6,11.25,0.212,12.09
"2023-10-07 21:45:00",2433,12.15,11.71,11.34,0.212,12.02
"2023-10-07 22:00:00",2434,12.12,11.68,11.28,0.212,11.93
"2023-10-07 22:15:00",2435,12.16,11.62,11.21,0.211,11.82
"2023-10-07 22:30:00",2436,12.07,11.6,11.2,0.212,11.77
"2023-10-07 22:45:00",2437,12.16,11.58,11.18,0.211,11.73
"2023-10-07 23:00:00",2438,12.16,11.5,11.08,0.212,11.67
"2023-10-07 23:15:00",2439,12.17,11.4,10.99,0.212,11.62
"2023-10-07 23:30:00",2440,12.13,11.34,10.93,0.212,11.61
"2023-10-07 23:45:00",2441,12.07,11.33,10.96,0.212,11.59
"2023-10-08 00:00:00",2442,12.11,11.36,10.98,0.212,11.57
"2023-10-08 00:15:00",2443,12.16,11.31,10.9,0.212,11.55
"2023-10-08 00:30:00",2444,11.96,13.23,13.98,0.212,11.53
"2023-10-08 00:45:00",2445,11.97,13.88,15.13,0.212,11.49
"2023-10-08 01:00:00",2446,12.03,12.4,13.39,0.212,11.48
"2023-10-08 01:15:00",2447,12.07,12.21,12.25,0.213,11.46
"2023-10-08 01:30:00",2448,12.08,11.92,11.69,0.213,11.43
"2023-10-08 01:45:00",2449,12.08,11.69,11.32,0.212,11.39
"2023-10-08 02:00:00",2450,12.09,11.45,11.05,0.212,11.31
"2023-10-08 02:15:00",2451,12.08,11.23,10.83,0.212,11.25
"2023-10-08 02:30:00",2452,12.09,11.11,10.71,0.212,11.19
"2023-10-08 02:45:00",2453,12.17,11.16,10.77,0.212,11.18
"2023-10-08 03:00:00",2454,12.13,10.94,10.54,0.212,11.14
"2023-10-08 03:15:00",2455,12.1,10.81,10.4,0.211,11.11
"2023-10-08 03:30:00",2456,12.09,10.72,10.32,0.212,11.08
"2023-10-08 03:45:00",2457,12.15,10.67,10.27,0.212,11.07
"2023-10-08 04:00:00",2458,12.16,10.63,10.22,0.212,11.03
"2023-10-08 04:15:00",2459,12.07,10.53,10.1,0.212,10.97
"2023-10-08 04:30:00",2460,12.13,10.4,9.97,0.211,10.91
"2023-10-08 04:45:00",2461,12.08,10.29,9.89,0.212,10.84
"2023-10-08 05:00:00",2462,12.1,10.22,9.82,0.211,10.79
"2023-10-08 05:15:00",2463,12.16,10.16,9.75,0.211,10.78
"2023-10-08 05:30:00",2464,12.16,10.1,9.7,0.211,10.71
"2023-10-08 05:45:00",2465,12.11,10.03,9.61,0.211,10.63
"2023-10-08 06:00:00",2466,12.12,9.94,9.53,0.211,10.6
"2023-10-08 06:15:00",2467,12.15,9.89,9.5,0.211,10.57
"2023-10-08 06:30:00",2468,12.1,9.87,9.49,0.21,10.52
"2023-10-08 06:45:00",2469,12.12,9.94,9.54,0.21,10.48
"2023-10-08 07:00:00",2470,12.16,9.95,9.53,0.21,10.45
"2023-10-08 07:15:00",2471,12.12,9.89,9.46,0.21,10.42
"2023-10-08 07:30:00",2472,12.16,9.87,9.48,0.21,10.4
"2023-10-08 07:45:00",2473,12.14,9.96,9.55,0.21,10.36
"2023-10-08 08:00:00",2474,12.11,9.96,9.53,0.21,10.34
"2023-10-08 08:15:00",2475,12.11,9.96,9.52,0.209,10.3
"2023-10-08 08:30:00",2476,11.96,11.9,12.63,0.21,10.32
"2023-10-08 08:45:00",2477,11.93,12.55,13.71,0.21,10.29
"2023-10-08 09:00:00",2478,12.11,11.18,12.12,0.21,10.28
"2023-10-08 09:15:00",2479,12.14,10.83,10.85,0.21,10.26
"2023-10-08 09:30:00",2480,11.97,12.67,13.5,0.21,10.24
"2023-10-08 09:45:00",2481,11.96,13.39,14.55,0.209,10.25
"2023-10-08 10:00:00",2482,12.11,12.14,13.11,0.209,10.27
"2023-10-08 10:15:00",2483,12.1,12.18,12.23,0.209,10.33
"2023-10-08 10:30:00",2484,12.18,12.09,11.82,0.209,10.34
"2023-10-08 10:45:00",2485,12.13,12.05,11.69,0.21,10.37
"2023-10-08 11:00:00",2486,12.12,12.11,11.76,0.211,10.45
"2023-10-08 11:15:00",2487,12.12,12.31,11.93,0.211,10.5
"2023-10-08 11:30:00",2488,12.22,12.48,12.06,0.211,10.59
"2023-10-08 11:45:00",2489,12.16,12.63,12.19,0.211,10.63
"2023-10-08 12:00:00",2490,12.17,12.89,12.5,0.211,10.72
"2023-10-08 12:15:00",2491,12.12,13.09,12.67,0.211,10.81
"2023-10-08 12:30:00",2492,12.2,13.28,12.87,0.212,10.86
"2023-10-08 12:45:00",2493,12.2,13.41,12.96,0.211,10.88
"2023-10-08 13:00:00",2494,12.23,13.66,13.29,0.211,10.98
"2023-10-08 13:15:00",2495,12.23,13.81,13.33,0.211,11.03
"2023-10-08 13:30:00",2496,12.03,15.72,16.37,0.211,11.04
"2023-10-08 13:45:00",2497,12.01,16.46,17.6,0.211,11.09
"2023-10-08 14:00:00",2498,12.06,15.25,16.17,0.214,11.13
"2023-10-08 14:15:00",2499,12.17,15.13,15.1,0.212,11.15
"2023-10-08 14:30:00",2500,12.12,14.78,14.43,0.211,11.18
"2023-10-08 14:45:00",2501,12.19,14.44,14,0.21,11.17
"2023-10-08 15:00:00",2502,12.12,14.14,13.67,0.21,11.16
"2023-10-08 15:15:00",2503,12.19,13.91,13.44,0.209,11.15
"2023-10-08 15:30:00",2504,12.15,13.84,13.42,0.209,11.17
"2023-10-08 15:45:00",2505,12.14,13.9,13.5,0.209,11.18
"2023-10-08 16:00:00",2506,12.12,13.9,13.44,0.21,11.17
"2023-10-08 16:15:00",2507,12.08,13.85,13.35,0.209,11.16
"2023-10-08 16:30:00",2508,12.06,13.5,13.02,0.209,11.16
"2023-10-08 16:45:00",2509,12.18,13.31,12.85,0.209,11.13
"2023-10-08 17:00:00",2510,12.06,13.16,12.7,0.21,11.14
"2023-10-08 17:15:00",2511,12.1,13.03,12.59,0.208,11.1
"2023-10-08 17:30:00",2512,12.05,12.89,12.46,0.209,11.05
"2023-10-08 17:45:00",2513,12.05,12.78,12.35,0.209,11.05
"2023-10-08 18:00:00",2514,12.07,12.66,12.23,0.209,11.04
"2023-10-08 18:15:00",2515,12.09,12.57,12.17,0.208,11.02
"2023-10-08 18:30:00",2516,11.91,14.44,15.15,0.208,10.97
"2023-10-08 18:45:00",2517,11.95,15,16.17,0.209,10.93
"2023-10-08 19:00:00",2518,12.14,13.51,14.44,0.208,10.9
"2023-10-08 19:15:00",2519,12.05,13.21,13.23,0.209,10.87
"2023-10-08 19:30:00",2520,12.13,12.77,12.47,0.208,10.83
"2023-10-08 19:45:00",2521,12.14,12.54,12.18,0.209,10.8
"2023-10-08 20:00:00",2522,12.05,12.22,11.83,0.208,10.77
"2023-10-08 20:15:00",2523,12.13,12.08,11.67,0.208,10.75
"2023-10-08 20:30:00",2524,12.1,11.98,11.59,0.208,10.73
"2023-10-08 20:45:00",2525,12.09,11.87,11.47,0.209,10.73
"2023-10-08 21:00:00",2526,12.08,11.8,11.4,0.209,10.69
"2023-10-08 21:15:00",2527,12.11,11.73,11.33,0.209,10.66
"2023-10-08 21:30:00",2528,12.06,11.71,11.3,0.209,10.65
"2023-10-08 21:45:00",2529,12.13,11.66,11.27,0.208,10.64
"2023-10-08 22:00:00",2530,12.12,11.64,11.25,0.209,10.62
"2023-10-08 22:15:00",2531,12.11,11.61,11.21,0.209,10.63
"2023-10-08 22:30:00",2532,12.13,11.58,11.18,0.209,10.61
"2023-10-08 22:45:00",2533,12.13,11.57,11.16,0.209,10.61
"2023-10-08 23:00:00",2534,12.14,11.56,11.16,0.209,10.6
"2023-10-08 23:15:00",2535,12.11,11.55,11.14,0.209,10.59
"2023-10-08 23:30:00",2536,12.08,11.55,11.15,0.21,10.58
"2023-10-08 23:45:00",2537,12.12,11.54,11.12,0.209,10.57
"2023-10-09 00:00:00",2538,12.07,11.46,11.03,0.208,10.55
"2023-10-09 00:15:00",2539,12.1,11.36,10.94,0.209,10.54
"2023-10-09 00:30:00",2540,11.93,13.24,13.93,0.209,10.52
"2023-10-09 00:45:00",2541,11.94,13.61,14.72,0.21,10.52
"2023-10-09 01:00:00",2542,12.1,11.92,12.71,0.21,10.46
"2023-10-09 01:15:00",2543,12.1,11.48,11.39,0.208,10.46
"2023-10-09 01:30:00",2544,12.04,11.16,10.77,0.21,10.42
"2023-10-09 01:45:00",2545,12.14,10.74,10.34,0.208,10.41
"2023-10-09 02:00:00",2546,12.04,10.63,10.28,0.209,10.39
"2023-10-09 02:15:00",2547,12.09,10.67,10.3,0.209,10.38
"2023-10-09 02:30:00",2548,12.1,10.69,10.31,0.209,10.34
"2023-10-09 02:45:00",2549,12.08,10.7,10.28,0.209,10.33
"2023-10-09 03:00:00",2550,12.09,10.62,10.19,0.209,10.3
"2023-10-09 03:15:00",2551,12.11,10.41,9.94,0.209,10.27
"2023-10-09 03:30:00",2552,12.15,10.31,9.91,0.209,10.25
"2023-10-09 03:45:00",2553,12.1,9.99,9.42,0.209,10.19
"2023-10-09 04:00:00",2554,12.11,9.6,9.1,0.209,10.14
"2023-10-09 04:15:00",2555,12.06,9.3,8.82,0.209,10.12
"2023-10-09 04:30:00",2556,12.12,9.12,8.69,0.209,10.09
"2023-10-09 04:45:00",2557,12.06,8.93,8.5,0.209,10.03
"2023-10-09 05:00:00",2558,12.08,8.65,8.21,0.209,9.97
"2023-10-09 05:15:00",2559,12.15,8.51,8.08,0.208,9.89
"2023-10-09 05:30:00",2560,12.1,8.46,8.1,0.209,9.83
"2023-10-09 05:45:00",2561,12.15,8.43,8.11,0.208,9.81
"2023-10-09 06:00:00",2562,12.03,8.81,8.59,0.208,9.79
"2023-10-09 06:15:00",2563,12.03,9.19,8.89,0.208,9.76
"2023-10-09 06:30:00",2564,12.1,9.46,9.12,0.208,9.74
"2023-10-09 06:45:00",2565,12.16,9.68,9.33,0.209,9.74
"2023-10-09 07:00:00",2566,12.1,9.85,9.48,0.209,9.72
"2023-10-09 07:15:00",2567,12.03,9.99,9.61,0.21,9.72
"2023-10-09 07:30:00",2568,12.1,10.09,9.67,0.208,9.69
"2023-10-09 07:45:00",2569,12.04,10.14,9.74,0.209,9.68
"2023-10-09 08:00:00",2570,12.11,10.27,9.88,0.209,9.72
"2023-10-09 08:15:00",2571,12.04,10.36,9.96,0.209,9.72
"2023-10-09 08:30:00",2572,11.91,12.4,13.14,0.209,9.72
"2023-10-09 08:45:00",2573,11.92,13.22,14.47,0.208,9.79
"2023-10-09 09:00:00",2574,12.1,12.21,13.26,0.209,9.85
"2023-10-09 09:15:00",2575,12.12,12.34,12.45,0.209,9.89
"2023-10-09 09:30:00",2576,11.96,14.42,15.33,0.21,9.99
"2023-10-09 09:45:00",2577,11.92,15.31,16.56,0.209,10.1
"2023-10-09 10:00:00",2578,12.04,14.19,15.16,0.21,10.18
"2023-10-09 10:15:00",2579,12.18,14.32,14.38,0.21,10.27
"2023-10-09 10:30:00",2580,12.13,14.21,13.93,0.21,10.38
"2023-10-09 10:45:00",2581,12.07,14.04,13.62,0.21,10.45
"2023-10-09 11:00:00",2582,12.06,13.83,13.35,0.211,10.52
"2023-10-09 11:15:00",2583,12.12,13.65,13.2,0.21,10.59
"2023-10-09 11:30:00",2584,12.09,13.89,13.52,0.211,10.69
"2023-10-09 11:45:00",2585,12.19,13.99,13.62,0.211,10.77
"2023-10-09 12:00:00",2586,12.3,14.41,14.04,0.211,10.9
"2023-10-09 12:15:00",2587,12.19,14.92,14.61,0.211,11.05
"2023-10-09 12:30:00",2588,12.23,15.54,15.22,0.212,11.2
"2023-10-09 12:45:00",2589,12.27,16.02,15.63,0.212,11.31
"2023-10-09 13:00:00",2590,12.26,16.48,16.09,0.212,11.41
"2023-10-09 13:15:00",2591,12.21,16.7,16.22,0.213,11.56
"2023-10-09 13:30:00",2592,11.92,18.34,18.91,0.212,11.57
"2023-10-09 13:45:00",2593,11.91,18.68,19.7,0.212,11.55
"2023-10-09 14:00:00",2594,12.03,16.5,17.11,0.212,11.5
"2023-10-09 14:15:00",2595,12.11,15.08,14.89,0.213,11.47
"2023-10-09 14:30:00",2596,12.03,14.14,13.77,0.215,11.44
"2023-10-09 14:45:00",2597,12.1,13.48,13.04,0.217,11.38
"2023-10-09 15:00:00",2598,12.06,12.93,12.5,0.219,11.35
"2023-10-09 15:15:00",2599,12.1,12.55,12.13,0.221,11.32
"2023-10-09 15:30:00",2600,12.1,12.47,12.08,0.224,11.29
"2023-10-09 15:45:00",2601,12.12,12.17,11.78,0.229,11.26
"2023-10-09 16:00:00",2602,12.13,12.1,11.71,0.233,11.25
"2023-10-09 16:15:00",2603,12.16,12.04,11.64,0.237,11.23
"2023-10-09 16:30:00",2604,12.07,11.99,11.57,0.24,11.22
"2023-10-09 16:45:00",2605,12.1,11.91,11.49,0.241,11.22
"2023-10-09 17:00:00",2606,12.05,11.84,11.43,0.24,11.21
"2023-10-09 17:15:00",2607,12.03,11.76,11.37,0.239,11.2
"2023-10-09 17:30:00",2608,12.05,11.71,11.32,0.237,11.19
"2023-10-09 17:45:00",2609,12.13,11.7,11.3,0.235,11.18
"2023-10-09 18:00:00",2610,12.1,11.67,11.28,0.233,11.17
"2023-10-09 18:15:00",2611,12.04,11.57,11.15,0.231,11.16
"2023-10-09 18:30:00",2612,11.91,13.42,14.2,0.228,11.14
"2023-10-09 18:45:00",2613,11.92,14,15.23,0.227,11.12
"2023-10-09 19:00:00",2614,12,12.46,13.47,0.225,11.09
"2023-10-09 19:15:00",2615,12.02,12.21,12.31,0.225,11.06
"2023-10-09 19:30:00",2616,12.04,11.94,11.74,0.223,11.04
"2023-10-09 19:45:00",2617,11.99,11.74,11.44,0.223,11.03
"2023-10-09 20:00:00",2618,12.03,11.6,11.24,0.221,11.02
"2023-10-09 20:15:00",2619,12.12,11.49,11.12,0.221,11.01
"2023-10-09 20:30:00",2620,12.03,11.41,11.02,0.22,10.98
"2023-10-09 20:45:00",2621,12.14,11.32,10.94,0.22,10.98
"2023-10-09 21:00:00",2622,12.11,11.32,10.94,0.219,10.97
"2023-10-09 21:15:00",2623,12.03,11.32,10.95,0.219,10.94
"2023-10-09 21:30:00",2624,12.04,11.31,10.92,0.218,10.94
"2023-10-09 21:45:00",2625,12.05,11.28,10.88,0.218,10.93
"2023-10-09 22:00:00",2626,12.03,11.21,10.8,0.218,10.94
"2023-10-09 22:15:00",2627,12.1,11.13,10.71,0.217,10.91
"2023-10-09 22:30:00",2628,12.14,10.91,10.45,0.217,10.9
"2023-10-09 22:45:00",2629,12.04,10.72,10.33,0.216,10.87
"2023-10-09 23:00:00",2630,12.11,10.75,10.4,0.216,10.84
"2023-10-09 23:15:00",2631,12.13,10.85,10.48,0.217,10.85
"2023-10-09 23:30:00",2632,12.04,10.84,10.42,0.216,10.82
"2023-10-09 23:45:00",2633,12.11,10.61,10.12,0.216,10.78
"2023-10-10 00:00:00",2634,12.09,10.32,9.86,0.216,10.75
"2023-10-10 00:15:00",2635,12.01,10.14,9.73,0.217,10.73
"2023-10-10 00:30:00",2636,11.91,12.13,12.9,0.216,10.67
"2023-10-10 00:45:00",2637,11.9,12.91,14.12,0.216,10.66
"2023-10-10 01:00:00",2638,12.01,11.66,12.66,0.215,10.66
"2023-10-10 01:15:00",2639,12.04,11.35,11.34,0.216,10.62
"2023-10-10 01:30:00",2640,12.09,11.05,10.75,0.216,10.6
"2023-10-10 01:45:00",2641,12.02,10.57,10.22,0.216,10.58
"2023-10-10 02:00:00",2642,12.11,10.41,10.04,0.216,10.55
"2023-10-10 02:15:00",2643,12.1,10.24,9.84,0.215,10.53
"2023-10-10 02:30:00",2644,12.12,10.14,9.78,0.215,10.52
"2023-10-10 02:45:00",2645,12.06,10.22,9.89,0.215,10.51
"2023-10-10 03:00:00",2646,12.1,10.38,10.04,0.215,10.5
"2023-10-10 03:15:00",2647,12.02,10.53,10.19,0.215,10.51
"2023-10-10 03:30:00",2648,12.12,10.75,10.41,0.215,10.52
"2023-10-10 03:45:00",2649,12.05,10.93,10.55,0.215,10.51
"2023-10-10 04:00:00",2650,12.12,10.97,10.59,0.216,10.52
"2023-10-10 04:15:00",2651,12.1,10.99,10.57,0.215,10.52
"2023-10-10 04:30:00",2652,12.09,10.89,10.45,0.216,10.52
"2023-10-10 04:45:00",2653,12.03,10.69,10.25,0.216,10.52
"2023-10-10 05:00:00",2654,12.06,10.46,10,0.215,10.48
"2023-10-10 05:15:00",2655,12.1,10.2,9.76,0.215,10.44
"2023-10-10 05:30:00",2656,12.11,10.03,9.63,0.215,10.42
"2023-10-10 05:45:00",2657,12.02,9.95,9.57,0.215,10.38
"2023-10-10 06:00:00",2658,12.06,9.88,9.47,0.215,10.34
"2023-10-10 06:15:00",2659,12,9.87,9.44,0.215,10.3
"2023-10-10 06:30:00",2660,12.13,9.59,9.18,0.214,10.25
"2023-10-10 06:45:00",2661,12.04,9.5,9.09,0.214,10.2
"2023-10-10 07:00:00",2662,12.11,9.45,9.04,0.214,10.19
"2023-10-10 07:15:00",2663,12.02,9.46,9.07,0.213,10.15
"2023-10-10 07:30:00",2664,12.02,9.51,9.12,0.214,10.12
"2023-10-10 07:45:00",2665,12.1,9.6,9.23,0.214,10.11
"2023-10-10 08:00:00",2666,12.12,9.76,9.39,0.214,10.11
"2023-10-10 08:15:00",2667,12.03,9.96,9.61,0.214,10.12
"2023-10-10 08:30:00",2668,11.9,12.17,12.95,0.214,10.13
"2023-10-10 08:45:00",2669,11.94,13.13,14.36,0.215,10.17
"2023-10-10 09:00:00",2670,12.09,12.05,13.06,0.214,10.21
"2023-10-10 09:15:00",2671,12.07,12.16,12.23,0.215,10.26
"2023-10-10 09:30:00",2672,11.93,14.2,15.04,0.215,10.34
"2023-10-10 09:45:00",2673,11.92,14.99,16.17,0.215,10.42
"2023-10-10 10:00:00",2674,12.04,13.94,14.9,0.214,10.5
"2023-10-10 10:15:00",2675,12.08,13.9,13.95,0.215,10.59
"2023-10-10 10:30:00",2676,12.12,13.95,13.73,0.216,10.68
"2023-10-10 10:45:00",2677,12.14,14.13,13.81,0.215,10.77
"2023-10-10 11:00:00",2678,12.15,14.41,14.05,0.216,10.89
"2023-10-10 11:15:00",2679,12.17,14.65,14.26,0.216,11.02
"2023-10-10 11:30:00",2680,12.17,15.03,14.67,0.216,11.19
"2023-10-10 11:45:00",2681,12.19,15.41,15.03,0.216,11.3
"2023-10-10 12:00:00",2682,12.23,16.07,15.68,0.216,11.54
"2023-10-10 12:15:00",2683,12.17,16.45,16.02,0.218,11.67
"2023-10-10 12:30:00",2684,12.13,16.73,16.28,0.217,11.82
"2023-10-10 12:45:00",2685,12.16,17,16.51,0.217,11.86
"2023-10-10 13:00:00",2686,12.2,17.2,16.7,0.217,12.09
"2023-10-10 13:15:00",2687,12.2,17.42,16.95,0.217,12.15
"2023-10-10 13:30:00",2688,11.99,19.55,20.25,0.217,12.3
"2023-10-10 13:45:00",2689,11.97,20.39,21.57,0.218,12.36
"2023-10-10 14:00:00",2690,12.05,19.28,20.13,0.218,12.47
"2023-10-10 14:15:00",2691,12.09,19.29,19.24,0.217,12.58
"2023-10-10 14:30:00",2692,12.19,19.24,18.88,0.218,12.64
"2023-10-10 14:45:00",2693,12.15,19.13,18.64,0.218,12.71
"2023-10-10 15:00:00",2694,12.12,18.83,18.33,0.218,12.77
"2023-10-10 15:15:00",2695,12.18,18.82,18.34,0.218,12.84
"2023-10-10 15:30:00",2696,12.1,18.85,18.38,0.217,12.87
"2023-10-10 15:45:00",2697,12.1,18.86,18.37,0.217,12.9
"2023-10-10 16:00:00",2698,12.14,18.8,18.31,0.216,12.93
"2023-10-10 16:15:00",2699,12.04,18.67,18.14,0.217,12.94
"2023-10-10 16:30:00",2700,12.17,18.39,17.84,0.217,12.97
"2023-10-10 16:45:00",2701,12.12,17.99,17.42,0.217,12.96
"2023-10-10 17:00:00",2702,12.02,17.61,17.06,0.217,12.95
"2023-10-10 17:15:00",2703,12.06,17.21,16.69,0.216,12.93
"2023-10-10 17:30:00",2704,12.14,16.86,16.34,0.215,12.9
"2023-10-10 17:45:00",2705,12.12,16.57,16.07,0.216,12.87
"2023-10-10 18:00:00",2706,12.11,16.08,15.58,0.216,12.83
"2023-10-10 18:15:00",2707,12.14,15.69,15.21,0.216,12.78
"2023-10-10 18:30:00",2708,11.96,17.26,17.91,0.216,12.72
"2023-10-10 18:45:00",2709,11.92,17.65,18.79,0.215,12.68
"2023-10-10 19:00:00",2710,12.11,16.04,16.93,0.215,12.63
"2023-10-10 19:15:00",2711,12.08,15.62,15.56,0.215,12.58
"2023-10-10 19:30:00",2712,12.06,15.18,14.81,0.214,12.53
"2023-10-10 19:45:00",2713,12.02,14.5,14.05,0.215,12.48
"2023-10-10 20:00:00",2714,12.05,14.06,13.59,0.215,12.4
"2023-10-10 20:15:00",2715,12.07,13.75,13.33,0.215,12.37
"2023-10-10 20:30:00",2716,12.04,13.41,12.95,0.215,12.3
"2023-10-10 20:45:00",2717,12.03,13.13,12.69,0.215,12.25
"2023-10-10 21:00:00",2718,12.11,12.96,12.54,0.215,12.2
"2023-10-10 21:15:00",2719,12.12,12.79,12.37,0.215,12.14
"2023-10-10 21:30:00",2720,12.04,12.65,12.22,0.215,12.1
"2023-10-10 21:45:00",2721,12.15,12.55,12.15,0.215,12.05
"2023-10-10 22:00:00",2722,12.11,12.47,12.04,0.215,12
"2023-10-10 22:15:00",2723,12.02,12.39,11.97,0.215,11.94
"2023-10-10 22:30:00",2724,12,12.28,11.86,0.215,11.9
"2023-10-10 22:45:00",2725,12.06,12.14,11.72,0.215,11.85
"2023-10-10 23:00:00",2726,12.12,12.06,11.66,0.215,11.82
"2023-10-10 23:15:00",2727,12.04,12,11.58,0.214,11.77
"2023-10-10 23:30:00",2728,12.11,11.93,11.54,0.214,11.73
"2023-10-10 23:45:00",2729,12.12,11.95,11.57,0.213,11.69
"2023-10-11 00:00:00",2730,12.1,11.97,11.58,0.214,11.66
"2023-10-11 00:15:00",2731,12.04,11.94,11.53,0.214,11.62
"2023-10-11 00:30:00",2732,11.88,13.95,14.65,0.215,11.58
"2023-10-11 00:45:00",2733,11.9,14.29,15.42,0.214,11.53
"2023-10-11 01:00:00",2734,12.11,12.61,13.47,0.213,11.48
"2023-10-11 01:15:00",2735,12.1,12.25,12.26,0.214,11.45
"2023-10-11 01:30:00",2736,12.11,11.93,11.67,0.214,11.42
"2023-10-11 01:45:00",2737,12.02,11.73,11.36,0.214,11.39
"2023-10-11 02:00:00",2738,12.12,11.57,11.2,0.213,11.35
"2023-10-11 02:15:00",2739,12.05,11.43,11.04,0.213,11.28
"2023-10-11 02:30:00",2740,12,11.32,10.93,0.213,11.25
"2023-10-11 02:45:00",2741,12.11,11.28,10.9,0.214,11.23
"2023-10-11 03:00:00",2742,12.1,11.25,10.86,0.213,11.18
"2023-10-11 03:15:00",2743,12.11,11.26,10.89,0.213,11.16
"2023-10-11 03:30:00",2744,12.09,11.28,10.9,0.213,11.14
"2023-10-11 03:45:00",2745,12.13,11.25,10.85,0.213,11.12
"2023-10-11 04:00:00",2746,12.04,11.2,10.78,0.213,11.11
"2023-10-11 04:15:00",2747,12.08,11.15,10.76,0.214,11.08
"2023-10-11 04:30:00",2748,12,11.15,10.75,0.213,11.05
"2023-10-11 04:45:00",2749,12.03,11.14,10.75,0.213,11.05
"2023-10-11 05:00:00",2750,12.04,11.16,10.7,0.213,11.01
"2023-10-11 05:15:00",2751,12.11,10.82,10.37,0.213,10.99
"2023-10-11 05:30:00",2752,12.03,10.68,10.25,0.213,10.94
"2023-10-11 05:45:00",2753,12.02,10.52,10.08,0.213,10.91
"2023-10-11 06:00:00",2754,12.02,10.37,9.92,0.213,10.88
"2023-10-11 06:15:00",2755,12.06,10.19,9.72,0.213,10.81
"2023-10-11 06:30:00",2756,12.01,10,9.55,0.213,10.77
"2023-10-11 06:45:00",2757,12.12,9.86,9.41,0.213,10.71
"2023-10-11 07:00:00",2758,12.08,9.86,9.42,0.213,10.67
"2023-10-11 07:15:00",2759,12.01,9.75,9.35,0.213,10.65
"2023-10-11 07:30:00",2760,12,9.8,9.39,0.213,10.6
"2023-10-11 07:45:00",2761,12.04,9.89,9.5,0.212,10.57
"2023-10-11 08:00:00",2762,12.02,10.05,9.71,0.212,10.59
"2023-10-11 08:15:00",2763,12.09,10.35,10.05,0.213,10.6
"2023-10-11 08:30:00",2764,11.91,12.68,13.48,0.212,10.61
"2023-10-11 08:45:00",2765,11.9,13.75,14.97,0.212,10.64
"2023-10-11 09:00:00",2766,12,12.75,13.73,0.212,10.69
"2023-10-11 09:15:00",2767,12.13,12.93,12.99,0.212,10.75
"2023-10-11 09:30:00",2768,11.91,14.87,15.67,0.212,10.8
"2023-10-11 09:45:00",2769,11.94,15.55,16.68,0.213,10.85
"2023-10-11 10:00:00",2770,12.11,14.31,15.22,0.213,10.92
"2023-10-11 10:15:00",2771,12.15,14.35,14.37,0.213,11
"2023-10-11 10:30:00",2772,12.1,14.26,13.99,0.213,11.06
"2023-10-11 10:45:00",2773,12.07,14.27,13.91,0.213,11.17
"2023-10-11 11:00:00",2774,12.07,14.42,14.03,0.213,11.23
"2023-10-11 11:15:00",2775,12.1,14.62,14.22,0.214,11.32
"2023-10-11 11:30:00",2776,12.15,14.86,14.45,0.213,11.42
"2023-10-11 11:45:00",2777,12.18,15.27,14.87,0.214,11.51
"2023-10-11 12:00:00",2778,12.2,15.54,15.11,0.214,11.61
"2023-10-11 12:15:00",2779,12.15,15.79,15.32,0.214,11.7
"2023-10-11 12:30:00",2780,12.21,15.99,15.52,0.214,11.82
"2023-10-11 12:45:00",2781,12.21,16.22,15.76,0.215,11.92
"2023-10-11 13:00:00",2782,12.17,16.4,15.92,0.214,12.02
"2023-10-11 13:15:00",2783,12.21,16.47,15.97,0.215,12.08
"2023-10-11 13:30:00",2784,11.98,18.41,19.04,0.214,12.11
"2023-10-11 13:45:00",2785,11.92,19.06,20.15,0.214,12.18
"2023-10-11 14:00:00",2786,12.11,17.79,18.63,0.214,12.24
"2023-10-11 14:15:00",2787,12.05,17.82,17.77,0.214,12.27
"2023-10-11 14:30:00",2788,12.11,17.43,17.08,0.214,12.34
"2023-10-11 14:45:00",2789,12.15,17.18,16.73,0.214,12.38
"2023-10-11 15:00:00",2790,12.17,17.01,16.53,0.214,12.41
"2023-10-11 15:15:00",2791,12.13,16.86,16.39,0.214,12.45
"2023-10-11 15:30:00",2792,12.16,16.75,16.27,0.215,12.48
"2023-10-11 15:45:00",2793,12.11,16.65,16.17,0.215,12.5
"2023-10-11 16:00:00",2794,12.08,16.55,16.08,0.214,12.52
"2023-10-11 16:15:00",2795,12.08,16.58,16.11,0.215,12.54
"2023-10-11 16:30:00",2796,12.13,16.38,15.91,0.214,12.54
"2023-10-11 16:45:00",2797,12.11,16.24,15.77,0.213,12.54
"2023-10-11 17:00:00",2798,12.06,16.09,15.64,0.213,12.55
"2023-10-11 17:15:00",2799,12,15.92,15.44,0.214,12.54
"2023-10-11 17:30:00",2800,12.13,15.64,15.14,0.214,12.5
"2023-10-11 17:45:00",2801,12.05,15.22,14.72,0.213,12.48
"2023-10-11 18:00:00",2802,12.06,14.88,14.42,0.213,12.44
"2023-10-11 18:15:00",2803,12.1,14.59,14.13,0.213,12.4
"2023-10-11 18:30:00",2804,11.87,16.26,16.92,0.213,12.35
"2023-10-11 18:45:00",2805,11.94,16.71,17.84,0.214,12.31
"2023-10-11 19:00:00",2806,12.08,15.24,16.14,0.215,12.29
"2023-10-11 19:15:00",2807,12.11,14.72,14.68,0.214,12.24
"2023-10-11 19:30:00",2808,12.1,14.22,13.89,0.215,12.2
"2023-10-11 19:45:00",2809,12,13.82,13.41,0.214,12.15
"2023-10-11 20:00:00",2810,12.11,13.51,13.09,0.214,12.11
"2023-10-11 20:15:00",2811,12.05,13.29,12.87,0.215,12.07
"2023-10-11 20:30:00",2812,12.05,13.1,12.66,0.215,12.03
"2023-10-11 20:45:00",2813,12.1,12.92,12.5,0.215,11.99
"2023-10-11 21:00:00",2814,12.12,12.8,12.39,0.215,11.95
"2023-10-11 21:15:00",2815,12.1,12.71,12.3,0.214,11.93
"2023-10-11 21:30:00",2816,12.1,12.62,12.21,0.215,11.89
"2023-10-11 21:45:00",2817,12.07,12.56,12.15,0.215,11.85
"2023-10-11 22:00:00",2818,12.13,12.5,12.1,0.214,11.82
"2023-10-11 22:15:00",2819,12.12,12.59,12.18,0.215,11.79
"2023-10-11 22:30:00",2820,12.06,12.42,12.01,0.214,11.76
"2023-10-11 22:45:00",2821,12,12.47,12.06,0.215,11.73
"2023-10-11 23:00:00",2822,12.1,12.46,12.04,0.214,11.72
"2023-10-11 23:15:00",2823,12.12,12.27,11.85,0.215,11.69
"2023-10-11 23:30:00",2824,12.04,12.24,11.84,0.215,11.67
"2023-10-11 23:45:00",2825,12.02,12.21,11.81,0.215,11.65
"2023-10-12 00:00:00",2826,12.02,12.2,11.8,0.214,11.63
"2023-10-12 00:15:00",2827,12.07,12.2,11.8,0.215,11.62
"2023-10-12 00:30:00",2828,11.93,14.15,14.89,0.215,11.6
"2023-10-12 00:45:00",2829,11.9,14.83,16.03,0.215,11.58
"2023-10-12 01:00:00",2830,12.03,13.43,14.37,0.215,11.57
"2023-10-12 01:15:00",2831,11.96,13.24,13.25,0.215,11.57
"2023-10-12 01:30:00",2832,12.06,12.94,12.67,0.215,11.55
"2023-10-12 01:45:00",2833,12.1,12.72,12.37,0.215,11.54
"2023-10-12 02:00:00",2834,12.01,12.59,12.2,0.215,11.54
"2023-10-12 02:15:00",2835,12.04,12.46,12.07,0.215,11.53
"2023-10-12 02:30:00",2836,12.03,12.52,12.11,0.216,11.52
"2023-10-12 02:45:00",2837,11.99,12.28,11.86,0.215,11.5
"2023-10-12 03:00:00",2838,12.1,12.18,11.76,0.215,11.48
"2023-10-12 03:15:00",2839,12.08,12.03,11.6,0.216,11.46
"2023-10-12 03:30:00",2840,12.09,11.88,11.45,0.215,11.44
"2023-10-12 03:45:00",2841,12.04,11.75,11.34,0.215,11.42
"2023-10-12 04:00:00",2842,12.02,11.66,11.26,0.215,11.4
"2023-10-12 04:15:00",2843,12.1,11.64,11.24,0.215,11.39
"2023-10-12 04:30:00",2844,12.1,11.63,11.22,0.215,11.36
"2023-10-12 04:45:00",2845,12.09,11.58,11.19,0.215,11.36
"2023-10-12 05:00:00",2846,12.05,11.57,11.16,0.215,11.33
"2023-10-12 05:15:00",2847,12.03,11.52,11.11,0.214,11.31
"2023-10-12 05:30:00",2848,12.08,11.46,11.05,0.215,11.29
"2023-10-12 05:45:00",2849,12.06,11.36,10.93,0.214,11.27
"2023-10-12 06:00:00",2850,12,11.29,10.87,0.215,11.24
"2023-10-12 06:15:00",2851,12.04,11.21,10.79,0.214,11.21
"2023-10-12 06:30:00",2852,12.07,11.21,10.85,0.215,11.18
"2023-10-12 06:45:00",2853,12.04,11.43,11.08,0.215,11.19
"2023-10-12 07:00:00",2854,12,11.53,11.1,0.214,11.16
"2023-10-12 07:15:00",2855,12.05,11.41,10.96,0.214,11.14
"2023-10-12 07:30:00",2856,12.01,11.38,10.95,0.214,11.13
"2023-10-12 07:45:00",2857,12.03,11.33,10.92,0.214,11.12
"2023-10-12 08:00:00",2858,12.01,11.4,11.04,0.214,11.12
"2023-10-12 08:15:00",2859,12.11,11.63,11.3,0.214,11.13
"2023-10-12 08:30:00",2860,11.91,14.01,14.78,0.214,11.16
"2023-10-12 08:45:00",2861,11.89,14.97,16.19,0.215,11.21
"2023-10-12 09:00:00",2862,12.11,14.04,15.03,0.214,11.26
"2023-10-12 09:15:00",2863,12,14.22,14.28,0.215,11.31
"2023-10-12 09:30:00",2864,11.88,16.12,16.93,0.214,11.36
"2023-10-12 09:45:00",2865,11.91,16.81,17.98,0.215,11.43
"2023-10-12 10:00:00",2866,12.03,15.58,16.5,0.214,11.51
"2023-10-12 10:15:00",2867,12.02,15.62,15.65,0.214,11.58
"2023-10-12 10:30:00",2868,12.06,15.58,15.32,0.215,11.67
"2023-10-12 10:45:00",2869,12.09,15.69,15.33,0.215,11.76
"2023-10-12 11:00:00",2870,12.14,15.9,15.53,0.216,11.88
"2023-10-12 11:15:00",2871,12.13,16.3,15.96,0.217,12.02
"2023-10-12 11:30:00",2872,12.15,16.67,16.22,0.216,12.12
"2023-10-12 11:45:00",2873,12.16,17,16.56,0.217,12.27
"2023-10-12 12:00:00",2874,12.45,17.99,17.56,0.217,12.43
"2023-10-12 12:15:00",2875,12.24,18.13,17.59,0.217,12.55
"2023-10-12 12:30:00",2876,12.18,18.37,17.89,0.216,12.67
"2023-10-12 12:45:00",2877,12.13,18.75,18.26,0.217,12.84
"2023-10-12 13:00:00",2878,12.2,19.01,18.5,0.217,12.95
"2023-10-12 13:15:00",2879,12.17,19.22,18.68,0.218,13.1
"2023-10-12 13:30:00",2880,11.97,21.25,21.82,0.217,13.24
"2023-10-12 13:45:00",2881,11.93,22.15,23.29,0.217,13.3
"2023-10-12 14:00:00",2882,12.12,20.99,21.83,0.217,13.39
"2023-10-12 14:15:00",2883,12.04,21.04,20.96,0.217,13.53
"2023-10-12 14:30:00",2884,12.07,20.85,20.44,0.218,13.55
"2023-10-12 14:45:00",2885,12.16,20.63,20.11,0.218,13.66
"2023-10-12 15:00:00",2886,12.08,20.6,20.1,0.218,13.7
"2023-10-12 15:15:00",2887,12.16,20.54,20.01,0.217,13.83
"2023-10-12 15:30:00",2888,12.08,20.22,19.67,0.217,13.85
"2023-10-12 15:45:00",2889,12.05,20.02,19.49,0.217,13.83
"2023-10-12 16:00:00",2890,12.05,19.85,19.33,0.217,13.88
"2023-10-12 16:15:00",2891,12.06,19.68,19.16,0.217,13.92
"2023-10-12 16:30:00",2892,12.06,19.49,18.99,0.218,13.91
"2023-10-12 16:45:00",2893,12.12,19.27,18.78,0.217,13.9
"2023-10-12 17:00:00",2894,12.14,19.19,18.69,0.216,13.9
"2023-10-12 17:15:00",2895,12.12,18.78,18.29,0.216,13.88
"2023-10-12 17:30:00",2896,12.02,18.47,17.97,0.216,13.85
"2023-10-12 17:45:00",2897,12.02,18.14,17.66,0.216,13.81
"2023-10-12 18:00:00",2898,12.04,17.82,17.32,0.216,13.77
"2023-10-12 18:15:00",2899,12.01,17.44,16.94,0.217,13.74
"2023-10-12 18:30:00",2900,11.92,18.96,19.58,0.216,13.68
"2023-10-12 18:45:00",2901,11.9,19.29,20.38,0.217,13.62
"2023-10-12 19:00:00",2902,12.09,17.61,18.48,0.216,13.58
"2023-10-12 19:15:00",2903,12.02,17.13,17.1,0.216,13.54
"2023-10-12 19:30:00",2904,12.08,16.56,16.21,0.216,13.47
"2023-10-12 19:45:00",2905,12.05,16.09,15.67,0.215,13.43
"2023-10-12 20:00:00",2906,12.01,15.72,15.27,0.216,13.38
"2023-10-12 20:15:00",2907,12.04,15.42,14.97,0.216,13.34
"2023-10-12 20:30:00",2908,12.07,15.17,14.73,0.215,13.28
"2023-10-12 20:45:00",2909,12.01,14.94,14.51,0.215,13.24
"2023-10-12 21:00:00",2910,12.05,14.78,14.35,0.216,13.19
"2023-10-12 21:15:00",2911,12.09,14.66,14.24,0.216,13.15
"2023-10-12 21:30:00",2912,12.11,14.51,14.09,0.216,13.11
"2023-10-12 21:45:00",2913,12.11,14.35,13.92,0.216,13.05
"2023-10-12 22:00:00",2914,12.13,14.2,13.78,0.216,13.01
"2023-10-12 22:15:00",2915,12.04,14.08,13.67,0.216,12.96
"2023-10-12 22:30:00",2916,12.08,13.98,13.58,0.216,12.92
"2023-10-12 22:45:00",2917,12.06,13.9,13.48,0.216,12.87
"2023-10-12 23:00:00",2918,12.02,13.81,13.4,0.215,12.83
"2023-10-12 23:15:00",2919,12.04,13.76,13.35,0.215,12.8
"2023-10-12 23:30:00",2920,12.02,13.65,13.24,0.216,12.75
"2023-10-12 23:45:00",2921,12.03,13.56,13.15,0.216,12.72
"2023-10-13 00:00:00",2922,12.01,13.46,13.04,0.216,12.68
"2023-10-13 00:15:00",2923,12.08,13.36,12.93,0.215,12.65
"2023-10-13 00:30:00",2924,11.91,15.32,16.01,0.215,12.6
"2023-10-13 00:45:00",2925,11.89,15.77,16.95,0.215,12.58
"2023-10-13 01:00:00",2926,12.01,14.3,15.22,0.215,12.52
"2023-10-13 01:15:00",2927,12,14.04,14.05,0.216,12.49
"2023-10-13 01:30:00",2928,12.08,13.67,13.35,0.215,12.45
"2023-10-13 01:45:00",2929,12.01,13.3,12.89,0.215,12.41
"2023-10-13 02:00:00",2930,12.11,13.06,12.65,0.215,12.39
"2023-10-13 02:15:00",2931,12.08,12.88,12.46,0.216,12.35
"2023-10-13 02:30:00",2932,12.07,12.76,12.35,0.216,12.31
"2023-10-13 02:45:00",2933,12.07,12.66,12.25,0.215,12.27
"2023-10-13 03:00:00",2934,12.03,12.59,12.19,0.215,12.24
"2023-10-13 03:15:00",2935,12.09,12.52,12.1,0.216,12.21
"2023-10-13 03:30:00",2936,12.05,12.57,12.14,0.216,12.19
"2023-10-13 03:45:00",2937,12.07,12.53,12.11,0.216,12.16
"2023-10-13 04:00:00",2938,12.09,12.46,12.03,0.216,12.13
"2023-10-13 04:15:00",2939,12.09,12.26,11.86,0.214,12.09
"2023-10-13 04:30:00",2940,12.07,12.27,11.89,0.215,12.07
"2023-10-13 04:45:00",2941,12.01,12.31,11.93,0.215,12.04
"2023-10-13 05:00:00",2942,12.07,12.38,12.04,0.215,12.04
"2023-10-13 05:15:00",2943,12.07,12.48,12.08,0.215,12.02
"2023-10-13 05:30:00",2944,12.04,12.49,12.1,0.215,12
"2023-10-13 05:45:00",2945,12.04,12.46,12.04,0.216,12
"2023-10-13 06:00:00",2946,12,12.41,11.98,0.216,11.98
"2023-10-13 06:15:00",2947,12.01,12.47,12.06,0.215,11.96
"2023-10-13 06:30:00",2948,12.02,12.48,12.08,0.216,11.95
"2023-10-13 06:45:00",2949,12.07,12.52,12.13,0.215,11.94
"2023-10-13 07:00:00",2950,12.06,12.53,12.19,0.215,11.94
"2023-10-13 07:15:00",2951,12.06,12.77,12.43,0.215,11.94
"2023-10-13 07:30:00",2952,12.11,12.94,12.55,0.215,11.95
"2023-10-13 07:45:00",2953,12,13.09,12.72,0.215,11.97
"2023-10-13 08:00:00",2954,12,13.26,12.89,0.216,11.98
"2023-10-13 08:15:00",2955,12.01,13.53,13.23,0.216,12.03
"2023-10-13 08:30:00",2956,11.91,15.85,16.65,0.216,12.07
"2023-10-13 08:45:00",2957,11.89,16.92,18.14,0.216,12.13
"2023-10-13 09:00:00",2958,11.99,15.93,16.89,0.216,12.2
"2023-10-13 09:15:00",2959,12.01,16.08,16.13,0.217,12.27
"2023-10-13 09:30:00",2960,11.89,18.05,18.86,0.216,12.35
"2023-10-13 09:45:00",2961,11.92,18.8,19.94,0.217,12.41
"2023-10-13 10:00:00",2962,12.09,17.58,18.48,0.217,12.51
"2023-10-13 10:15:00",2963,12,17.66,17.68,0.217,12.6
"2023-10-13 10:30:00",2964,12.04,17.64,17.36,0.217,12.67
"2023-10-13 10:45:00",2965,12.06,17.74,17.39,0.217,12.8
"2023-10-13 11:00:00",2966,12.11,18.2,17.89,0.217,12.89
"2023-10-13 11:15:00",2967,12.12,18.71,18.39,0.217,13.06
"2023-10-13 11:30:00",2968,12.14,19.17,18.77,0.217,13.18
"2023-10-13 11:45:00",2969,12.13,19.46,18.98,0.218,13.36
"2023-10-13 12:00:00",2970,12.27,20.11,19.66,0.218,13.5
"2023-10-13 12:15:00",2971,12.2,20.56,20.03,0.218,13.63
"2023-10-13 12:30:00",2972,12.11,20.64,20.14,0.218,13.71
"2023-10-13 12:45:00",2973,12.19,20.86,20.32,0.218,13.89
"2023-10-13 13:00:00",2974,12.09,21.02,20.5,0.219,14.03
"2023-10-13 13:15:00",2975,12.11,21.21,20.69,0.219,14.16
"2023-10-13 13:30:00",2976,11.98,23.42,24.03,0.219,14.22
"2023-10-13 13:45:00",2977,11.94,24.06,25.23,0.218,14.34
"2023-10-13 14:00:00",2978,12.05,22.87,23.71,0.218,14.42
"2023-10-13 14:15:00",2979,12.13,22.82,22.71,0.218,14.56
"2023-10-13 14:30:00",2980,12.12,22.53,22.13,0.219,14.57
"2023-10-13 14:45:00",2981,12.08,22.32,21.83,0.218,14.7
"2023-10-13 15:00:00",2982,12.14,22.16,21.62,0.218,14.69
"2023-10-13 15:15:00",2983,12.11,22.01,21.5,0.218,14.74
"2023-10-13 15:30:00",2984,12.12,21.9,21.37,0.218,14.77
"2023-10-13 15:45:00",2985,12.06,21.81,21.29,0.218,14.87
"2023-10-13 16:00:00",2986,12.05,21.72,21.21,0.218,14.84
"2023-10-13 16:15:00",2987,12.05,21.62,21.11,0.218,14.86
"2023-10-13 16:30:00",2988,12.06,21.44,20.91,0.218,14.87
"2023-10-13 16:45:00",2989,12.05,21.1,20.55,0.217,14.84
"2023-10-13 17:00:00",2990,12.11,20.67,20.11,0.217,14.85
"2023-10-13 17:15:00",2991,12.1,20.31,19.79,0.217,14.81
"2023-10-13 17:30:00",2992,12.01,19.87,19.37,0.217,14.78
"2023-10-13 17:45:00",2993,12.12,19.54,19.06,0.217,14.73
"2023-10-13 18:00:00",2994,12.12,19.18,18.69,0.216,14.69
"2023-10-13 18:15:00",2995,12.02,18.83,18.34,0.217,14.65
"2023-10-13 18:30:00",2996,11.94,20.37,20.98,0.217,14.59
"2023-10-13 18:45:00",2997,11.88,20.71,21.79,0.216,14.56
"2023-10-13 19:00:00",2998,12.05,19.18,20.04,0.216,14.53
"2023-10-13 19:15:00",2999,12.03,18.82,18.78,0.217,14.49
"2023-10-13 19:30:00",3000,12.04,18.41,18.11,0.216,14.46
"2023-10-13 19:45:00",3001,12.03,18.15,17.78,0.216,14.44
"2023-10-13 20:00:00",3002,12.08,17.99,17.62,0.216,14.43
"2023-10-13 20:15:00",3003,12.02,17.99,17.65,0.216,14.4
"2023-10-13 20:30:00",3004,11.99,18.04,17.69,0.217,14.38
"2023-10-13 20:45:00",3005,12.02,18.18,17.81,0.217,14.38
"2023-10-13 21:00:00",3006,12.05,18.23,17.84,0.217,14.36
"2023-10-13 21:15:00",3007,12.07,18.3,17.91,0.218,14.34
"2023-10-13 21:30:00",3008,12.05,18.35,17.95,0.217,14.33
"2023-10-13 21:45:00",3009,12.06,18.36,17.94,0.218,14.31
"2023-10-13 22:00:00",3010,12.11,18.26,17.83,0.217,14.29
"2023-10-13 22:15:00",3011,12.11,18.22,17.84,0.218,14.28
"2023-10-13 22:30:00",3012,12.04,18.27,17.87,0.217,14.27
"2023-10-13 22:45:00",3013,12.06,18.23,17.8,0.218,14.27
"2023-10-13 23:00:00",3014,12.08,18.12,17.68,0.217,14.25
"2023-10-13 23:15:00",3015,12.12,18,17.58,0.217,14.24
"2023-10-13 23:30:00",3016,12.04,17.93,17.5,0.218,14.24
"2023-10-13 23:45:00",3017,12.02,17.87,17.44,0.218,14.23
"2023-10-14 00:00:00",3018,11.99,17.94,17.52,0.218,14.22
"2023-10-14 00:15:00",3019,12.03,17.89,17.48,0.217,14.21
"2023-10-14 00:30:00",3020,11.92,19.6,20.25,0.218,14.21
"2023-10-14 00:45:00",3021,11.92,20.16,21.28,0.218,14.2
"2023-10-14 01:00:00",3022,12.03,18.73,19.62,0.218,14.19
"2023-10-14 01:15:00",3023,12.1,18.44,18.42,0.218,14.18
"2023-10-14 01:30:00",3024,12.07,18.07,17.77,0.218,14.17
"2023-10-14 01:45:00",3025,12,17.9,17.52,0.218,14.16
"2023-10-14 02:00:00",3026,12.07,17.54,17.11,0.219,14.15
"2023-10-14 02:15:00",3027,12.11,17.22,16.79,0.219,14.14
"2023-10-14 02:30:00",3028,12.02,16.94,16.51,0.221,14.13
"2023-10-14 02:45:00",3029,12.1,16.67,16.24,0.223,14.12
"2023-10-14 03:00:00",3030,12.03,16.46,16.04,0.223,14.1
"2023-10-14 03:15:00",3031,12.1,16.3,15.89,0.224,14.07
"2023-10-14 03:30:00",3032,12.11,16.1,15.69,0.225,14.05
"2023-10-14 03:45:00",3033,12.12,15.94,15.55,0.226,14.03
"2023-10-14 04:00:00",3034,12,15.84,15.47,0.228,14.01
"2023-10-14 04:15:00",3035,12,15.84,15.45,0.232,13.99
"2023-10-14 04:30:00",3036,12.03,15.82,15.44,0.232,13.97
"2023-10-14 04:45:00",3037,11.99,15.85,15.47,0.232,13.95
"2023-10-14 05:00:00",3038,12.07,15.86,15.5,0.231,13.94
"2023-10-14 05:15:00",3039,12.02,15.89,15.5,0.229,13.92
"2023-10-14 05:30:00",3040,12.05,15.89,15.5,0.228,13.92
"2023-10-14 05:45:00",3041,12.1,15.88,15.5,0.226,13.91
"2023-10-14 06:00:00",3042,12.02,15.89,15.51,0.226,13.9
"2023-10-14 06:15:00",3043,12.03,15.89,15.51,0.225,13.89
"2023-10-14 06:30:00",3044,12.03,15.86,15.47,0.224,13.89
"2023-10-14 06:45:00",3045,12.09,15.81,15.42,0.226,13.88
"2023-10-14 07:00:00",3046,11.97,15.76,15.35,0.229,13.86
"2023-10-14 07:15:00",3047,12.04,15.8,15.41,0.231,13.85
"2023-10-14 07:30:00",3048,12.1,15.84,15.45,0.234,13.85
"2023-10-14 07:45:00",3049,12.02,15.89,15.5,0.235,13.84
"2023-10-14 08:00:00",3050,11.99,15.9,15.49,0.236,13.84
"2023-10-14 08:15:00",3051,12.01,15.9,15.5,0.24,13.84
"2023-10-14 08:30:00",3052,11.88,17.85,18.53,0.246,13.84
"2023-10-14 08:45:00",3053,11.92,18.5,19.67,0.25,13.83
"2023-10-14 09:00:00",3054,12.06,17.17,18.09,0.251,13.84
"2023-10-14 09:15:00",3055,12.03,17.07,17.08,0.251,13.85
"2023-10-14 09:30:00",3056,11.88,18.77,19.57,0.248,13.87
"2023-10-14 09:45:00",3057,11.92,19.3,20.49,0.247,13.91
"2023-10-14 10:00:00",3058,12.09,17.87,18.8,0.245,13.94
"2023-10-14 10:15:00",3059,12.08,17.6,17.58,0.243,13.97
"2023-10-14 10:30:00",3060,12.09,17.25,16.96,0.242,14
"2023-10-14 10:45:00",3061,12.1,17.07,16.69,0.242,14.04
"2023-10-14 11:00:00",3062,12.08,16.91,16.49,0.24,14.08
"2023-10-14 11:15:00",3063,12.1,16.84,16.43,0.239,14.11
"2023-10-14 11:30:00",3064,12.13,16.86,16.44,0.237,14.14
"2023-10-14 11:45:00",3065,12.1,16.88,16.46,0.236,14.17
"2023-10-14 12:00:00",3066,12.1,17.05,16.66,0.234,14.2
"2023-10-14 12:15:00",3067,12.13,17.19,16.77,0.232,14.24
"2023-10-14 12:30:00",3068,12.15,17.27,16.84,0.232,14.28
"2023-10-14 12:45:00",3069,12.16,17.36,16.94,0.231,14.31
"2023-10-14 13:00:00",3070,12.1,17.47,17.05,0.231,14.35
"2023-10-14 13:15:00",3071,12.16,17.6,17.16,0.23,14.39
"2023-10-14 13:30:00",3072,11.95,19.63,20.29,0.23,14.44
"2023-10-14 13:45:00",3073,11.92,20.46,21.56,0.229,14.5
"2023-10-14 14:00:00",3074,12.08,19.3,20.17,0.229,14.57
"2023-10-14 14:15:00",3075,12.1,19.21,19.17,0.229,14.62
"2023-10-14 14:30:00",3076,12.06,19.08,18.77,0.229,14.68
"2023-10-14 14:45:00",3077,12.11,18.82,18.4,0.228,14.74
"2023-10-14 15:00:00",3078,12.12,18.63,18.19,0.229,14.77
"2023-10-14 15:15:00",3079,12.13,18.57,18.16,0.229,14.79
"2023-10-14 15:30:00",3080,12.11,18.63,18.22,0.228,14.84
"2023-10-14 15:45:00",3081,12.1,18.6,18.15,0.228,14.87
"2023-10-14 16:00:00",3082,12.11,18.51,18.04,0.227,14.9
"2023-10-14 16:15:00",3083,12.06,18.38,17.92,0.227,14.9
"2023-10-14 16:30:00",3084,12.02,18.25,17.8,0.227,14.9
"2023-10-14 16:45:00",3085,12.02,18.12,17.68,0.229,14.9
"2023-10-14 17:00:00",3086,12.07,17.96,17.53,0.23,14.88
"2023-10-14 17:15:00",3087,12.1,17.86,17.43,0.243,14.88
"2023-10-14 17:30:00",3088,11.99,17.51,16.99,0.243,14.81
"2023-10-14 17:45:00",3089,12.07,17.04,16.58,0.245,14.78
"2023-10-14 18:00:00",3090,12.03,16.76,16.34,0.247,14.72
"2023-10-14 18:15:00",3091,12.03,16.52,16.11,0.251,14.65
"2023-10-14 18:30:00",3092,11.91,18.27,18.98,0.264,14.59
"2023-10-14 18:45:00",3093,11.89,18.8,19.95,0.27,14.51
"2023-10-14 19:00:00",3094,12.07,17.25,18.15,0.267,14.45
"2023-10-14 19:15:00",3095,12.05,16.89,16.88,0.262,14.4
"2023-10-14 19:30:00",3096,12.07,16.55,16.28,0.257,14.35
"2023-10-14 19:45:00",3097,12.1,16.26,15.88,0.251,14.29
"2023-10-14 20:00:00",3098,12.03,15.99,15.57,0.247,14.23
"2023-10-14 20:15:00",3099,12.02,15.75,15.28,0.243,14.16
"2023-10-14 20:30:00",3100,12.01,15.45,14.96,0.241,14.07
"2023-10-14 20:45:00",3101,12.1,15.16,14.71,0.239,13.97
"2023-10-14 21:00:00",3102,12.07,14.94,14.5,0.237,13.88
"2023-10-14 21:15:00",3103,12.08,14.73,14.29,0.235,13.8
"2023-10-14 21:30:00",3104,12.08,14.61,14.21,0.234,13.75
"2023-10-14 21:45:00",3105,12.08,14.62,14.22,0.233,13.67
"2023-10-14 22:00:00",3106,12.06,14.62,14.22,0.232,13.64
"2023-10-14 22:15:00",3107,12.06,14.59,14.18,0.231,13.57
"2023-10-14 22:30:00",3108,12.01,14.55,14.13,0.23,13.5
"2023-10-14 22:45:00",3109,12.06,14.53,14.12,0.229,13.47
"2023-10-14 23:00:00",3110,12.05,14.5,14.08,0.228,13.42
"2023-10-14 23:15:00",3111,12.05,14.48,14.07,0.228,13.35
"2023-10-14 23:30:00",3112,12.03,14.46,14.05,0.227,13.27
"2023-10-14 23:45:00",3113,12.01,14.43,14,0.227,13.2
"2023-10-15 00:00:00",3114,11.99,14.37,13.96,0.226,13.14
"2023-10-15 00:15:00",3115,12,14.35,13.94,0.226,13.1
"2023-10-15 00:30:00",3116,11.89,16.28,16.96,0.225,13.06
"2023-10-15 00:45:00",3117,11.88,16.88,17.97,0.224,13.02
"2023-10-15 01:00:00",3118,11.99,15.43,16.32,0.225,13
"2023-10-15 01:15:00",3119,11.95,15.18,15.17,0.225,12.99
"2023-10-15 01:30:00",3120,12.02,14.9,14.61,0.224,12.97
"2023-10-15 01:45:00",3121,12.1,14.66,14.3,0.224,12.95
"2023-10-15 02:00:00",3122,12.03,14.51,14.13,0.223,12.94
"2023-10-15 02:15:00",3123,12.09,14.45,14.06,0.225,12.92
"2023-10-15 02:30:00",3124,12.08,14.39,13.99,0.225,12.91
"2023-10-15 02:45:00",3125,12.04,14.36,13.96,0.224,12.9
"2023-10-15 03:00:00",3126,12.05,14.34,13.94,0.226,12.87
"2023-10-15 03:15:00",3127,12.03,14.32,13.92,0.226,12.84
"2023-10-15 03:30:00",3128,12,14.32,13.91,0.226,12.82
"2023-10-15 03:45:00",3129,12.1,14.31,13.9,0.227,12.8
"2023-10-15 04:00:00",3130,12.01,14.31,13.89,0.226,12.78
"2023-10-15 04:15:00",3131,12.01,14.26,13.85,0.227,12.76
"2023-10-15 04:30:00",3132,11.97,14.2,13.77,0.225,12.72
"2023-10-15 04:45:00",3133,12.07,14.13,13.7,0.227,12.71
"2023-10-15 05:00:00",3134,12.06,14,13.56,0.225,12.63
"2023-10-15 05:15:00",3135,12.02,13.81,13.36,0.225,12.6
"2023-10-15 05:30:00",3136,12.08,13.69,13.25,0.225,12.58
"2023-10-15 05:45:00",3137,12.08,13.54,13.11,0.225,12.55
"2023-10-15 06:00:00",3138,12.04,13.44,13.03,0.225,12.53
"2023-10-15 06:15:00",3139,12.08,13.36,12.92,0.225,12.49
"2023-10-15 06:30:00",3140,12.02,13.27,12.85,0.225,12.46
"2023-10-15 06:45:00",3141,12.08,13.22,12.78,0.225,12.43
"2023-10-15 07:00:00",3142,11.98,13.15,12.71,0.225,12.4
"2023-10-15 07:15:00",3143,12.05,13.04,12.6,0.224,12.37
"2023-10-15 07:30:00",3144,11.99,12.87,12.41,0.224,12.29
"2023-10-15 07:45:00",3145,12.06,12.64,12.18,0.224,12.21
"2023-10-15 08:00:00",3146,11.98,12.48,12.06,0.223,12.15
"2023-10-15 08:15:00",3147,12,12.47,12.08,0.224,12.12
"2023-10-15 08:30:00",3148,11.89,14.48,15.18,0.224,12.12
"2023-10-15 08:45:00",3149,11.86,15.32,16.42,0.223,12.03
"2023-10-15 09:00:00",3150,12.03,13.9,14.79,0.224,12
"2023-10-15 09:15:00",3151,12.09,13.85,13.85,0.224,12.02
"2023-10-15 09:30:00",3152,11.9,15.51,16.24,0.223,12
"2023-10-15 09:45:00",3153,11.91,16,17.09,0.223,11.99
"2023-10-15 10:00:00",3154,12.03,14.65,15.53,0.222,11.96
"2023-10-15 10:15:00",3155,12.02,14.53,14.53,0.223,12.01
"2023-10-15 10:30:00",3156,12.04,14.39,14.13,0.223,12.03
"2023-10-15 10:45:00",3157,12.09,14.36,14.01,0.222,12.06
"2023-10-15 11:00:00",3158,12.1,14.42,14.02,0.222,12.07
"2023-10-15 11:15:00",3159,12.03,14.46,14.02,0.223,12.08
"2023-10-15 11:30:00",3160,12.08,14.49,14.06,0.222,12.14
"2023-10-15 11:45:00",3161,12.13,14.63,14.23,0.222,12.18
"2023-10-15 12:00:00",3162,12.11,14.81,14.35,0.223,12.25
"2023-10-15 12:15:00",3163,12.12,14.57,14.02,0.222,12.2
"2023-10-15 12:30:00",3164,12.09,14.56,14.15,0.222,12.19
"2023-10-15 12:45:00",3165,12.09,14.86,14.52,0.222,12.27
"2023-10-15 13:00:00",3166,12.16,15.24,14.84,0.222,12.38
"2023-10-15 13:15:00",3167,12.18,15.37,14.88,0.221,12.44
"2023-10-15 13:30:00",3168,11.89,17.4,18.05,0.222,12.48
"2023-10-15 13:45:00",3169,11.93,17.97,19.01,0.222,12.48
"2023-10-15 14:00:00",3170,12.02,16.65,17.51,0.222,12.5
"2023-10-15 14:15:00",3171,12.03,16.55,16.5,0.222,12.5
"2023-10-15 14:30:00",3172,12.03,16.05,15.69,0.222,12.54
"2023-10-15 14:45:00",3173,12.06,15.67,15.22,0.22,12.52
"2023-10-15 15:00:00",3174,12.03,15.36,14.88,0.22,12.49
"2023-10-15 15:15:00",3175,12.15,15.28,14.86,0.22,12.46
"2023-10-15 15:30:00",3176,12.11,15.19,14.72,0.22,12.46
"2023-10-15 15:45:00",3177,12.07,14.99,14.47,0.22,12.42
"2023-10-15 16:00:00",3178,12.06,14.71,14.24,0.218,12.39
"2023-10-15 16:15:00",3179,12.05,14.56,14.12,0.218,12.32
"2023-10-15 16:30:00",3180,12.1,14.4,13.94,0.218,12.28
"2023-10-15 16:45:00",3181,12.09,14.24,13.79,0.217,12.21
"2023-10-15 17:00:00",3182,12.02,14.12,13.7,0.218,12.19
"2023-10-15 17:15:00",3183,12.01,14.04,13.61,0.217,12.12
"2023-10-15 17:30:00",3184,12.09,13.92,13.47,0.217,12.1
"2023-10-15 17:45:00",3185,12.03,13.88,13.44,0.217,12.04
"2023-10-15 18:00:00",3186,12.05,13.52,13.06,0.217,11.98
"2023-10-15 18:15:00",3187,11.97,13.28,12.84,0.216,11.94
"2023-10-15 18:30:00",3188,11.86,15.05,15.73,0.217,11.9
"2023-10-15 18:45:00",3189,11.85,15.54,16.67,0.216,11.84
"2023-10-15 19:00:00",3190,11.93,14.02,14.89,0.216,11.78
"2023-10-15 19:15:00",3191,12.03,13.68,13.64,0.217,11.75
"2023-10-15 19:30:00",3192,11.97,13.17,12.85,0.216,11.71
"2023-10-15 19:45:00",3193,12.03,12.75,12.37,0.216,11.63
"2023-10-15 20:00:00",3194,12.04,12.45,12.02,0.215,11.59
"2023-10-15 20:15:00",3195,11.99,12.23,11.81,0.216,11.53
"2023-10-15 20:30:00",3196,11.99,12.02,11.6,0.216,11.47
"2023-10-15 20:45:00",3197,11.95,11.87,11.46,0.216,11.45
"2023-10-15 21:00:00",3198,12.08,11.76,11.36,0.216,11.41
"2023-10-15 21:15:00",3199,12.03,11.67,11.28,0.215,11.36
"2023-10-15 21:30:00",3200,12.03,11.51,11.05,0.216,11.32
"2023-10-15 21:45:00",3201,12.05,11.16,10.67,0.215,11.24
"2023-10-15 22:00:00",3202,12.04,10.88,10.45,0.216,11.17
"2023-10-15 22:15:00",3203,12.05,10.89,10.53,0.216,11.12
"2023-10-15 22:30:00",3204,12.06,10.96,10.6,0.215,11.05
"2023-10-15 22:45:00",3205,12.02,11.02,10.63,0.215,11.06
"2023-10-15 23:00:00",3206,12.04,11.16,10.76,0.215,10.98
"2023-10-15 23:15:00",3207,12.07,11.12,10.72,0.215,10.95
"2023-10-15 23:30:00",3208,12.07,10.94,10.53,0.214,10.93
"2023-10-15 23:45:00",3209,12.03,10.91,10.5,0.215,10.9
"2023-10-16 00:00:00",3210,11.98,10.86,10.46,0.215,10.89
"2023-10-16 00:15:00",3211,12.07,10.82,10.43,0.215,10.83
"2023-10-16 00:30:00",3212,11.83,12.74,13.47,0.215,10.78
"2023-10-16 00:45:00",3213,11.84,13.35,14.58,0.216,10.75
"2023-10-16 01:00:00",3214,11.95,11.9,12.89,0.215,10.74
"2023-10-16 01:15:00",3215,11.93,11.6,11.63,0.215,10.7
"2023-10-16 01:30:00",3216,12,11.21,10.94,0.215,10.64
"2023-10-16 01:45:00",3217,11.93,10.93,10.57,0.215,10.63
"2023-10-16 02:00:00",3218,12.01,10.72,10.36,0.216,10.63
"2023-10-16 02:15:00",3219,11.97,10.58,10.18,0.215,10.59
"2023-10-16 02:30:00",3220,11.93,10.48,10.08,0.215,10.52
"2023-10-16 02:45:00",3221,12.05,10.39,9.99,0.215,10.52
"2023-10-16 03:00:00",3222,12.05,10.33,9.93,0.215,10.48
"2023-10-16 03:15:00",3223,11.99,10.3,9.89,0.215,10.5
"2023-10-16 03:30:00",3224,11.94,10.27,9.86,0.215,10.48
"2023-10-16 03:45:00",3225,11.99,10.19,9.78,0.215,10.4
"2023-10-16 04:00:00",3226,12.04,10.06,9.66,0.215,10.39
"2023-10-16 04:15:00",3227,11.96,9.99,9.58,0.214,10.37
"2023-10-16 04:30:00",3228,11.94,9.97,9.58,0.215,10.31
"2023-10-16 04:45:00",3229,11.99,9.98,9.6,0.215,10.31
"2023-10-16 05:00:00",3230,11.95,9.98,9.58,0.215,10.29
"2023-10-16 05:15:00",3231,12.01,9.91,9.49,0.215,10.26
"2023-10-16 05:30:00",3232,11.95,9.85,9.43,0.215,10.22
"2023-10-16 05:45:00",3233,11.95,9.79,9.4,0.214,10.17
"2023-10-16 06:00:00",3234,11.98,9.86,9.46,0.214,10.17
"2023-10-16 06:15:00",3235,11.95,9.72,9.3,0.215,10.14
"2023-10-16 06:30:00",3236,11.96,9.78,9.38,0.215,10.11
"2023-10-16 06:45:00",3237,11.95,9.6,9.19,0.214,10.1
"2023-10-16 07:00:00",3238,11.95,9.55,9.13,0.215,10.05
"2023-10-16 07:15:00",3239,11.94,9.58,9.18,0.214,10.03
"2023-10-16 07:30:00",3240,12,9.64,9.23,0.215,9.99
"2023-10-16 07:45:00",3241,12.04,9.67,9.26,0.215,10.01
"2023-10-16 08:00:00",3242,12.04,9.78,9.38,0.214,9.97
"2023-10-16 08:15:00",3243,12.03,9.86,9.48,0.214,9.95
"2023-10-16 08:30:00",3244,11.86,11.95,12.66,0.214,9.96
"2023-10-16 08:45:00",3245,11.82,12.73,13.89,0.214,9.95
"2023-10-16 09:00:00",3246,11.94,11.48,12.43,0.215,9.94
"2023-10-16 09:15:00",3247,12.03,11.51,11.56,0.214,9.93
"2023-10-16 09:30:00",3248,11.85,13.4,14.19,0.215,9.98
"2023-10-16 09:45:00",3249,11.86,14.11,15.24,0.214,10.01
"2023-10-16 10:00:00",3250,12.05,12.87,13.79,0.214,10.01
"2023-10-16 10:15:00",3251,12,12.83,12.85,0.214,10.03
"2023-10-16 10:30:00",3252,12.09,12.78,12.52,0.214,10.13
"2023-10-16 10:45:00",3253,12.09,12.86,12.49,0.214,10.21
"2023-10-16 11:00:00",3254,12.08,13.04,12.62,0.215,10.29
"2023-10-16 11:15:00",3255,12.05,13.01,12.54,0.214,10.34
"2023-10-16 11:30:00",3256,12.09,12.96,12.47,0.214,10.38
"2023-10-16 11:45:00",3257,12.1,13.12,12.7,0.215,10.47
"2023-10-16 12:00:00",3258,12.35,13.56,13.11,0.215,10.53
"2023-10-16 12:15:00",3259,12.11,14.03,13.55,0.216,10.66
"2023-10-16 12:30:00",3260,12.12,14.11,13.64,0.215,10.78
"2023-10-16 12:45:00",3261,12.14,14.38,13.87,0.216,10.9
"2023-10-16 13:00:00",3262,12.19,14.43,13.88,0.215,11.01
"2023-10-16 13:15:00",3263,12.11,14.12,13.5,0.216,11.06
"2023-10-16 13:30:00",3264,11.96,15.79,16.38,0.216,11.05
"2023-10-16 13:45:00",3265,11.9,16.39,17.48,0.216,11.06
"2023-10-16 14:00:00",3266,11.94,14.96,15.81,0.216,11.04
"2023-10-16 14:15:00",3267,12.03,14.74,14.67,0.216,11.03
"2023-10-16 14:30:00",3268,12.08,14.57,14.27,0.214,11.07
"2023-10-16 14:45:00",3269,12.08,14.46,14.08,0.215,11.11
"2023-10-16 15:00:00",3270,12.02,14.29,13.81,0.215,11.11
"2023-10-16 15:15:00",3271,12.08,14.03,13.54,0.215,11.09
"2023-10-16 15:30:00",3272,11.99,13.93,13.49,0.214,11.1
"2023-10-16 15:45:00",3273,12.07,13.9,13.45,0.215,11.08
"2023-10-16 16:00:00",3274,12.01,13.8,13.3,0.215,11.1
"2023-10-16 16:15:00",3275,12.05,13.52,13.05,0.214,11.09
"2023-10-16 16:30:00",3276,12.05,13.28,12.86,0.215,11.09
"2023-10-16 16:45:00",3277,12.04,13.14,12.72,0.215,11.07
"2023-10-16 17:00:00",3278,12.02,13.01,12.55,0.214,11.01
"2023-10-16 17:15:00",3279,12.01,12.78,12.32,0.215,10.98
"2023-10-16 17:30:00",3280,12.04,12.55,12.11,0.214,10.97
"2023-10-16 17:45:00",3281,11.97,12.5,12.08,0.214,10.93
"2023-10-16 18:00:00",3282,11.99,12.23,11.81,0.214,10.9
"2023-10-16 18:15:00",3283,12.04,12.08,11.65,0.214,10.87
"2023-10-16 18:30:00",3284,11.82,13.91,14.61,0.215,10.85
"2023-10-16 18:45:00",3285,11.86,14.44,15.59,0.214,10.79
"2023-10-16 19:00:00",3286,11.97,12.91,13.81,0.215,10.76
"2023-10-16 19:15:00",3287,12.03,12.64,12.65,0.214,10.71
"2023-10-16 19:30:00",3288,11.96,12.34,12.07,0.214,10.67
"2023-10-16 19:45:00",3289,11.99,12.06,11.7,0.214,10.69
"2023-10-16 20:00:00",3290,12.05,11.86,11.47,0.214,10.63
"2023-10-16 20:15:00",3291,11.94,11.73,11.33,0.214,10.58
"2023-10-16 20:30:00",3292,11.91,11.67,11.28,0.214,10.58
"2023-10-16 20:45:00",3293,12.02,11.62,11.23,0.214,10.57
"2023-10-16 21:00:00",3294,11.94,11.59,11.21,0.214,10.52
"2023-10-16 21:15:00",3295,11.94,11.59,11.19,0.215,10.5
"2023-10-16 21:30:00",3296,11.96,11.55,11.13,0.214,10.51
"2023-10-16 21:45:00",3297,11.92,11.46,11.06,0.214,10.46
"2023-10-16 22:00:00",3298,12.03,11.36,10.94,0.215,10.44
"2023-10-16 22:15:00",3299,12.04,11.25,10.84,0.214,10.42
"2023-10-16 22:30:00",3300,12.02,11.12,10.7,0.214,10.38
"2023-10-16 22:45:00",3301,12.02,11.01,10.6,0.215,10.34
"2023-10-16 23:00:00",3302,12.02,10.81,10.37,0.214,10.32
"2023-10-16 23:15:00",3303,11.95,10.58,10.14,0.214,10.28
"2023-10-16 23:30:00",3304,12,10.41,10.01,0.214,10.22
"2023-10-16 23:45:00",3305,12.02,10.33,9.95,0.214,10.18
"2023-10-17 00:00:00",3306,12.01,10.3,9.92,0.214,10.14
"2023-10-17 00:15:00",3307,11.92,10.33,9.96,0.214,10.15
"2023-10-17 00:30:00",3308,11.85,12.31,13.04,0.214,10.12
"2023-10-17 00:45:00",3309,11.82,13.05,14.24,0.213,10.12
"2023-10-17 01:00:00",3310,11.93,11.71,12.68,0.213,10.1
"2023-10-17 01:15:00",3311,12,11.5,11.53,0.214,10.11
"2023-10-17 01:30:00",3312,12,11.11,10.82,0.214,10.07
"2023-10-17 01:45:00",3313,12,10.84,10.48,0.214,10.05
"2023-10-17 02:00:00",3314,11.99,10.57,10.18,0.214,10.05
"2023-10-17 02:15:00",3315,11.92,10.41,10.04,0.214,10.02
"2023-10-17 02:30:00",3316,11.9,10.41,10.06,0.214,10.05
"2023-10-17 02:45:00",3317,11.92,10.44,10.05,0.213,10.01
"2023-10-17 03:00:00",3318,11.91,10.46,10.08,0.214,10
"2023-10-17 03:15:00",3319,12.03,10.44,10.04,0.214,10.01
"2023-10-17 03:30:00",3320,11.94,10.35,9.95,0.214,9.97
"2023-10-17 03:45:00",3321,12.03,10.26,9.84,0.214,9.96
"2023-10-17 04:00:00",3322,11.97,10.14,9.71,0.214,9.94
"2023-10-17 04:15:00",3323,11.96,9.96,9.51,0.214,9.89
"2023-10-17 04:30:00",3324,11.99,9.77,9.34,0.214,9.89
"2023-10-17 04:45:00",3325,12.02,9.65,9.25,0.213,9.86
"2023-10-17 05:00:00",3326,12.01,9.58,9.2,0.214,9.85
"2023-10-17 05:15:00",3327,11.91,9.58,9.21,0.214,9.81
"2023-10-17 05:30:00",3328,11.95,9.66,9.29,0.213,9.83
"2023-10-17 05:45:00",3329,12,9.81,9.39,0.213,9.81
"2023-10-17 06:00:00",3330,12.01,9.62,9.21,0.213,9.77
"2023-10-17 06:15:00",3331,11.97,9.6,9.2,0.214,9.73
"2023-10-17 06:30:00",3332,12.02,9.58,9.19,0.214,9.76
"2023-10-17 06:45:00",3333,11.98,9.59,9.19,0.214,9.73
"2023-10-17 07:00:00",3334,11.9,9.63,9.24,0.214,9.69
"2023-10-17 07:15:00",3335,12,9.65,9.26,0.214,9.7
"2023-10-17 07:30:00",3336,11.98,9.71,9.32,0.214,9.67
"2023-10-17 07:45:00",3337,11.91,9.83,9.46,0.214,9.71
"2023-10-17 08:00:00",3338,11.98,10.01,9.68,0.214,9.7
"2023-10-17 08:15:00",3339,11.89,10.26,9.94,0.214,9.72
"2023-10-17 08:30:00",3340,11.81,12.62,13.37,0.214,9.75
"2023-10-17 08:45:00",3341,11.82,13.47,14.64,0.214,9.75
"2023-10-17 09:00:00",3342,11.89,12.34,13.3,0.214,9.77
"2023-10-17 09:15:00",3343,12.06,12.48,12.54,0.214,9.9
"2023-10-17 09:30:00",3344,11.83,14.43,15.26,0.215,9.94
"2023-10-17 09:45:00",3345,11.84,15.17,16.33,0.215,10
"2023-10-17 10:00:00",3346,12.01,14,14.95,0.214,10.06
"2023-10-17 10:15:00",3347,12,14.26,14.34,0.215,10.2
"2023-10-17 10:30:00",3348,11.98,14.31,14.04,0.215,10.32
"2023-10-17 10:45:00",3349,12,14.36,13.95,0.215,10.41
"2023-10-17 11:00:00",3350,12.08,14.4,13.95,0.215,10.49
"2023-10-17 11:15:00",3351,12.05,14.42,13.97,0.216,10.59
"2023-10-17 11:30:00",3352,12.04,14.44,13.97,0.216,10.66
"2023-10-17 11:45:00",3353,12.07,14.51,14.05,0.216,10.72
"2023-10-17 12:00:00",3354,12.02,14.48,14,0.216,10.77
"2023-10-17 12:15:00",3355,11.98,14.45,13.97,0.216,10.83
"2023-10-17 12:30:00",3356,12.05,14.74,14.36,0.216,10.87
