"TOA5","CR310_FCRWeir","CR300","5318","CR310.Std.08.01","CPU:CR310_20211122.CR300","61691","FCRWeir"
"TIMESTAMP","RECORD","BattV","PTemp_C","AirTemp_C","Lvl_psi","wtr_weir"
"TS","RN","Volts","Deg C","Deg C","psi","deg C"
"","","Smp","Smp","Smp","Smp","Smp"
"2022-11-28 14:15:00",1141,12.41,14.1,13.12,0.103,8.93
"2022-11-28 14:30:00",1142,12.43,14.2,13.4,0.102,8.9
"2022-11-28 14:45:00",1143,12.48,13.73,12.83,0.102,8.89
"2022-11-28 15:00:00",1144,12.45,13.28,12.41,0.102,8.88
"2022-11-28 15:15:00",1145,12.4,13.05,12.26,0.102,8.87
"2022-11-28 15:30:00",1146,12.47,12.79,12.01,0.102,8.83
"2022-11-28 15:45:00",1147,12.38,12.55,11.73,0.102,8.77
"2022-11-28 16:00:00",1148,12.38,12.42,11.58,0.102,8.72
"2022-11-28 16:15:00",1149,12.42,12.09,11.24,0.102,8.67
"2022-11-28 16:30:00",1150,12.32,11.75,10.75,0.102,8.59
"2022-11-28 16:45:00",1151,12.39,11.34,10.3,0.102,8.48
"2022-11-28 17:00:00",1152,12.33,11.2,10.32,0.102,8.41
"2022-11-28 17:15:00",1153,12.33,10.81,9.99,0.102,8.37
"2022-11-28 17:30:00",1154,12.32,10.64,9.76,0.102,8.32
"2022-11-28 17:45:00",1155,12.28,10.41,9.51,0.102,8.27
"2022-11-28 18:00:00",1156,12.34,10.09,8.93,0.102,8.18
"2022-11-28 18:15:00",1157,12.34,9.74,8.5,0.102,8.08
"2022-11-28 18:30:00",1158,12.13,11.26,10.38,0.102,7.972
"2022-11-28 18:45:00",1159,12.33,9.8,8.59,0.102,7.863
"2022-11-28 19:00:00",1160,12.28,9.34,7.999,0.102,7.782
"2022-11-28 19:15:00",1161,12.34,8.64,7.098,0.102,7.703
"2022-11-28 19:30:00",1162,12.33,7.842,6.324,0.102,7.6
"2022-11-28 19:45:00",1163,12.31,7.134,5.74,0.102,7.511
"2022-11-28 20:00:00",1164,12.34,6.628,5.356,0.102,7.414
"2022-11-28 20:15:00",1165,12.32,6.244,5.035,0.103,7.329
"2022-11-28 20:30:00",1166,12.23,5.929,4.806,0.102,7.241
"2022-11-28 20:45:00",1167,12.3,5.756,4.638,0.102,7.144
"2022-11-28 21:00:00",1168,12.35,5.427,4.445,0.103,7.063
"2022-11-28 21:15:00",1169,12.28,5.243,4.18,0.102,6.981
"2022-11-28 21:30:00",1170,12.26,5.074,4.168,0.102,6.899
"2022-11-28 21:45:00",1171,12.23,4.92,3.96,0.102,6.81
"2022-11-28 22:00:00",1172,12.35,4.84,4.065,0.102,6.732
"2022-11-28 22:15:00",1173,12.23,4.868,4.083,0.102,6.677
"2022-11-28 22:30:00",1174,12.23,4.82,3.979,0.102,6.62
"2022-11-28 22:45:00",1175,12.2,4.713,3.741,0.102,6.577
"2022-11-28 23:00:00",1176,12.26,4.545,3.542,0.102,6.527
"2022-11-28 23:15:00",1177,12.31,4.478,3.596,0.103,6.461
"2022-11-28 23:30:00",1178,12.29,4.474,3.528,0.103,6.417
"2022-11-28 23:45:00",1179,12.31,4.187,3.242,0.103,6.367
"2022-11-29 00:00:00",1180,12.28,4.028,3.038,0.103,6.324
"2022-11-29 00:15:00",1181,12.27,3.9,2.891,0.103,6.274
"2022-11-29 00:30:00",1182,12.09,5.847,5.047,0.103,6.22
"2022-11-29 00:45:00",1183,12.25,4.522,3.306,0.103,6.173
"2022-11-29 01:00:00",1184,12.27,4.324,3.095,0.102,6.118
"2022-11-29 01:15:00",1185,12.25,3.915,2.727,0.102,6.07
"2022-11-29 01:30:00",1186,12.24,3.622,2.494,0.103,6.028
"2022-11-29 01:45:00",1187,12.2,3.378,2.27,0.103,5.978
"2022-11-29 02:00:00",1188,12.27,3.175,2.09,0.103,5.933
"2022-11-29 02:15:00",1189,12.21,2.993,1.986,0.103,5.888
"2022-11-29 02:30:00",1190,12.22,2.96,1.907,0.103,5.844
"2022-11-29 02:45:00",1191,12.24,2.732,1.753,0.103,5.792
"2022-11-29 03:00:00",1192,12.32,2.639,1.662,0.103,5.748
"2022-11-29 03:15:00",1193,12.3,2.555,1.636,0.102,5.703
"2022-11-29 03:30:00",1194,12.26,2.5,1.597,0.103,5.671
"2022-11-29 03:45:00",1195,12.31,2.445,1.592,0.103,5.627
"2022-11-29 04:00:00",1196,12.21,2.423,1.555,0.102,5.592
"2022-11-29 04:15:00",1197,12.22,2.393,1.514,0.102,5.557
"2022-11-29 04:30:00",1198,12.3,2.353,1.433,0.103,5.525
"2022-11-29 04:45:00",1199,12.26,2.294,1.427,0.102,5.494
"2022-11-29 05:00:00",1200,12.24,2.227,1.301,0.103,5.454
"2022-11-29 05:15:00",1201,12.24,2.146,1.241,0.103,5.419
"2022-11-29 05:30:00",1202,12.29,2.072,1.185,0.103,5.381
"2022-11-29 05:45:00",1203,12.22,1.989,1.065,0.103,5.348
"2022-11-29 06:00:00",1204,12.19,1.917,1.014,0.103,5.306
"2022-11-29 06:15:00",1205,12.31,1.875,1.044,0.103,5.273
"2022-11-29 06:30:00",1206,12.22,1.86,1.031,0.103,5.243
"2022-11-29 06:45:00",1207,12.25,1.863,1.075,0.103,5.216
"2022-11-29 07:00:00",1208,12.28,1.916,1.155,0.102,5.199
"2022-11-29 07:15:00",1209,12.22,2.066,1.377,0.103,5.187
"2022-11-29 07:30:00",1210,12.29,2.182,1.504,0.103,5.197
"2022-11-29 07:45:00",1211,12.21,2.28,1.534,0.103,5.194
"2022-11-29 08:00:00",1212,12.27,2.379,1.686,0.103,5.2
"2022-11-29 08:15:00",1213,12.28,2.513,1.841,0.103,5.21
"2022-11-29 08:30:00",1214,12.05,4.63,4.198,0.103,5.218
"2022-11-29 08:45:00",1215,12.25,3.752,3.062,0.103,5.239
"2022-11-29 09:00:00",1216,12.3,3.976,3.4,0.103,5.275
"2022-11-29 09:15:00",1217,12.21,4.222,3.839,0.103,5.339
"2022-11-29 09:30:00",1218,12.12,6.428,6.124,0.103,5.391
"2022-11-29 09:45:00",1219,12.29,5.532,4.996,0.103,5.449
"2022-11-29 10:00:00",1220,12.33,5.888,5.461,0.103,5.522
"2022-11-29 10:15:00",1221,12.29,6.337,6.072,0.103,5.591
"2022-11-29 10:30:00",1222,12.5,7.422,7.273,0.102,5.678
"2022-11-29 10:45:00",1223,12.5,7.986,7.665,0.102,5.751
"2022-11-29 11:00:00",1224,12.48,8.22,8.2,0.103,5.916
"2022-11-29 11:15:00",1225,12.53,9.07,8.86,0.103,6.018
"2022-11-29 11:30:00",1226,12.5,9.37,9.06,0.102,6.119
"2022-11-29 11:45:00",1227,12.51,9.8,9.59,0.102,6.247
"2022-11-29 12:00:00",1228,12.41,10.7,10.6,0.103,6.418
"2022-11-29 12:15:00",1229,12.49,10.81,10.64,0.103,6.568
"2022-11-29 12:30:00",1230,12.53,12.27,12.01,0.103,6.711
"2022-11-29 12:45:00",1231,12.79,13.05,12.7,0.102,6.865
"2022-11-29 13:00:00",1232,13.03,14.63,13.85,0.102,7.043
"2022-11-29 13:15:00",1233,12.62,13.78,12.95,0.102,7.214
"2022-11-29 13:30:00",1234,12.65,16.14,15.87,0.102,7.318
"2022-11-29 13:45:00",1235,12.59,13.91,13.18,0.102,7.411
"2022-11-29 14:00:00",1236,12.78,14.19,13.52,0.102,7.524
"2022-11-29 14:15:00",1237,12.78,14.63,13.96,0.102,7.588
"2022-11-29 14:30:00",1238,12.81,15.05,14.47,0.102,7.667
"2022-11-29 14:45:00",1239,12.63,14.32,13.52,0.102,7.682
"2022-11-29 15:00:00",1240,12.63,14.13,13.26,0.102,7.689
"2022-11-29 15:15:00",1241,12.51,13.81,13.13,0.102,7.719
"2022-11-29 15:30:00",1242,12.52,13.49,12.69,0.102,7.704
"2022-11-29 15:45:00",1243,12.53,13.2,12.42,0.102,7.695
"2022-11-29 16:00:00",1244,12.45,12.78,11.91,0.102,7.65
"2022-11-29 16:15:00",1245,12.48,12.5,11.61,0.102,7.603
"2022-11-29 16:30:00",1246,12.43,11.99,10.96,0.102,7.554
"2022-11-29 16:45:00",1247,12.38,11.43,10.3,0.102,7.495
"2022-11-29 17:00:00",1248,12.44,10.85,9.7,0.102,7.427
"2022-11-29 17:15:00",1249,12.44,10.17,9,0.102,7.35
"2022-11-29 17:30:00",1250,12.47,9.68,8.56,0.102,7.286
"2022-11-29 17:45:00",1251,12.44,9.22,8.28,0.102,7.233
"2022-11-29 18:00:00",1252,12.42,9,8.12,0.102,7.19
"2022-11-29 18:15:00",1253,12.4,8.86,8.13,0.102,7.147
"2022-11-29 18:30:00",1254,12.21,10.73,10.09,0.102,7.109
"2022-11-29 18:45:00",1255,12.32,9.51,8.61,0.102,7.086
"2022-11-29 19:00:00",1256,12.32,9.36,8.58,0.102,7.078
"2022-11-29 19:15:00",1257,12.3,9.26,8.55,0.101,7.072
"2022-11-29 19:30:00",1258,12.35,9.22,8.58,0.102,7.071
"2022-11-29 19:45:00",1259,12.3,9.24,8.71,0.102,7.081
"2022-11-29 20:00:00",1260,12.37,9.3,8.74,0.102,7.089
"2022-11-29 20:15:00",1261,12.35,9.32,8.68,0.102,7.082
"2022-11-29 20:30:00",1262,12.38,9.25,8.55,0.102,7.051
"2022-11-29 20:45:00",1263,12.32,9.14,8.52,0.102,7.042
"2022-11-29 21:00:00",1264,12.35,9.21,8.69,0.102,7.054
"2022-11-29 21:15:00",1265,12.28,9.36,8.98,0.102,7.078
"2022-11-29 21:30:00",1266,12.35,9.59,9.19,0.102,7.101
"2022-11-29 21:45:00",1267,12.3,9.74,9.32,0.102,7.119
"2022-11-29 22:00:00",1268,12.33,9.95,9.55,0.102,7.133
"2022-11-29 22:15:00",1269,12.32,10.04,9.54,0.102,7.142
"2022-11-29 22:30:00",1270,12.32,10.18,9.73,0.102,7.157
"2022-11-29 22:45:00",1271,12.28,10.24,9.7,0.102,7.171
"2022-11-29 23:00:00",1272,12.31,10.27,9.75,0.102,7.178
"2022-11-29 23:15:00",1273,12.27,10.29,9.67,0.102,7.165
"2022-11-29 23:30:00",1274,12.34,10.14,9.36,0.102,7.144
"2022-11-29 23:45:00",1275,12.29,10.03,9.42,0.102,7.139
"2022-11-30 00:00:00",1276,12.27,10.09,9.61,0.102,7.147
"2022-11-30 00:15:00",1277,12.29,10.26,9.87,0.102,7.179
"2022-11-30 00:30:00",1278,12.14,12.36,12.07,0.102,7.207
"2022-11-30 00:45:00",1279,12.31,11.33,10.68,0.102,7.237
"2022-11-30 01:00:00",1280,12.3,11.17,10.4,0.102,7.258
"2022-11-30 01:15:00",1281,12.28,11.08,10.32,0.102,7.275
"2022-11-30 01:30:00",1282,12.22,10.76,10,0.102,7.284
"2022-11-30 01:45:00",1283,12.28,10.66,10.14,0.102,7.305
"2022-11-30 02:00:00",1284,12.26,10.78,10.33,0.102,7.332
"2022-11-30 02:15:00",1285,12.2,10.84,10.29,0.102,7.355
"2022-11-30 02:30:00",1286,12.25,10.81,10.19,0.102,7.372
"2022-11-30 02:45:00",1287,12.26,10.74,10.11,0.102,7.39
"2022-11-30 03:00:00",1288,12.31,10.63,9.92,0.102,7.408
"2022-11-30 03:15:00",1289,12.32,10.45,9.69,0.103,7.429
"2022-11-30 03:30:00",1290,12.27,10.32,9.64,0.103,7.454
"2022-11-30 03:45:00",1291,12.27,10.23,9.58,0.103,7.475
"2022-11-30 04:00:00",1292,12.34,10.18,9.6,0.104,7.504
"2022-11-30 04:15:00",1293,12.3,10.19,9.65,0.105,7.539
"2022-11-30 04:30:00",1294,12.29,10.27,9.8,0.105,7.574
"2022-11-30 04:45:00",1295,12.27,10.37,9.87,0.107,7.606
"2022-11-30 05:00:00",1296,12.26,10.41,9.89,0.108,7.64
"2022-11-30 05:15:00",1297,12.22,10.44,9.9,0.109,7.669
"2022-11-30 05:30:00",1298,12.22,10.47,9.94,0.111,7.702
"2022-11-30 05:45:00",1299,12.23,10.5,9.99,0.114,7.733
"2022-11-30 06:00:00",1300,12.28,10.56,10.02,0.116,7.762
"2022-11-30 06:15:00",1301,12.26,10.59,10.09,0.119,7.8
"2022-11-30 06:30:00",1302,12.28,10.64,10.1,0.123,7.839
"2022-11-30 06:45:00",1303,12.22,10.64,10.09,0.127,7.869
"2022-11-30 07:00:00",1304,12.28,10.62,10.07,0.131,7.895
"2022-11-30 07:15:00",1305,12.19,10.62,10.06,0.136,7.919
"2022-11-30 07:30:00",1306,12.32,10.62,10.07,0.141,7.945
"2022-11-30 07:45:00",1307,12.22,10.66,10.13,0.146,7.977
"2022-11-30 08:00:00",1308,12.31,10.75,10.24,0.151,8.01
"2022-11-30 08:15:00",1309,12.2,10.86,10.33,0.155,8.04
"2022-11-30 08:30:00",1310,12.07,12.86,12.52,0.158,8.08
"2022-11-30 08:45:00",1311,12.23,11.86,11.15,0.161,8.12
"2022-11-30 09:00:00",1312,12.32,11.75,10.96,0.161,8.17
"2022-11-30 09:15:00",1313,12.26,11.53,10.78,0.161,8.19
"2022-11-30 09:30:00",1314,12.07,13.36,12.92,0.159,8.23
"2022-11-30 09:45:00",1315,12.23,12.46,11.68,0.157,8.29
"2022-11-30 10:00:00",1316,12.23,12.29,11.56,0.154,8.35
"2022-11-30 10:15:00",1317,12.25,12.2,11.57,0.151,8.41
"2022-11-30 10:30:00",1318,12.26,12.29,11.82,0.148,8.49
"2022-11-30 10:45:00",1319,12.37,12.43,11.94,0.145,8.56
"2022-11-30 11:00:00",1320,12.31,12.55,12.02,0.142,8.62
"2022-11-30 11:15:00",1321,12.34,12.72,12.27,0.14,8.69
"2022-11-30 11:30:00",1322,12.26,12.78,12.27,0.138,8.74
"2022-11-30 11:45:00",1323,12.28,13.01,12.58,0.136,8.81
"2022-11-30 12:00:00",1324,12.4,13.22,12.83,0.135,8.87
"2022-11-30 12:15:00",1325,12.31,13.53,13.28,0.134,8.96
"2022-11-30 12:30:00",1326,12.34,13.79,13.47,0.133,9.04
"2022-11-30 12:45:00",1327,12.52,15.05,15.03,0.132,9.19
"2022-11-30 13:00:00",1328,12.52,17.17,16.9,0.131,9.39
"2022-11-30 13:15:00",1329,12.42,16.33,15.76,0.13,9.5
"2022-11-30 13:30:00",1330,12.44,19.25,19.23,0.129,9.63
"2022-11-30 13:45:00",1331,12.38,17.52,16.88,0.129,9.7
"2022-11-30 14:00:00",1332,12.38,17.23,16.4,0.129,9.83
"2022-11-30 14:15:00",1333,12.4,15.86,13.96,0.129,9.8
"2022-11-30 14:30:00",1334,12.4,14.72,13.26,0.128,9.75
"2022-11-30 14:45:00",1335,12.5,14.43,13.46,0.128,9.76
"2022-11-30 15:00:00",1336,12.43,14.35,13.33,0.127,9.73
"2022-11-30 15:15:00",1337,12.35,13.82,12.99,0.127,9.67
"2022-11-30 15:30:00",1338,12.34,13.79,12.82,0.126,9.55
"2022-11-30 15:45:00",1339,12.36,13.04,11.89,0.126,9.41
"2022-11-30 16:00:00",1340,12.34,12.53,11.43,0.125,9.25
"2022-11-30 16:15:00",1341,12.4,11.94,10.79,0.125,9.05
"2022-11-30 16:30:00",1342,12.38,11.46,10.28,0.125,8.87
"2022-11-30 16:45:00",1343,12.37,10.91,9.6,0.125,8.72
"2022-11-30 17:00:00",1344,12.35,10.3,9.02,0.125,8.54
"2022-11-30 17:15:00",1345,12.3,9.71,8.38,0.124,8.36
"2022-11-30 17:30:00",1346,12.26,9.12,8.1,0.123,8.17
"2022-11-30 17:45:00",1347,12.3,8.79,7.708,0.122,7.993
"2022-11-30 18:00:00",1348,12.3,8.47,7.538,0.121,7.827
"2022-11-30 18:15:00",1349,12.37,8.33,7.383,0.121,7.649
"2022-11-30 18:30:00",1350,12.04,9.98,9.28,0.12,7.457
"2022-11-30 18:45:00",1351,12.32,8.59,7.237,0.119,7.325
"2022-11-30 19:00:00",1352,12.31,7.964,6.713,0.119,7.173
"2022-11-30 19:15:00",1353,12.27,7.509,6.361,0.118,7.053
"2022-11-30 19:30:00",1354,12.27,7.166,6.078,0.118,6.938
"2022-11-30 19:45:00",1355,12.29,6.636,5.462,0.118,6.846
"2022-11-30 20:00:00",1356,12.32,6.333,5.283,0.117,6.739
"2022-11-30 20:15:00",1357,12.23,6.101,5.059,0.117,6.636
"2022-11-30 20:30:00",1358,12.2,5.932,4.996,0.117,6.53
"2022-11-30 20:45:00",1359,12.22,5.751,4.735,0.117,6.444
"2022-11-30 21:00:00",1360,12.24,5.425,4.47,0.117,6.364
"2022-11-30 21:15:00",1361,12.32,5.205,4.22,0.116,6.252
"2022-11-30 21:30:00",1362,12.2,5.066,4.178,0.116,6.135
"2022-11-30 21:45:00",1363,12.31,5.002,4.28,0.116,5.984
"2022-11-30 22:00:00",1364,12.23,4.924,3.96,0.116,5.876
"2022-11-30 22:15:00",1365,12.34,4.703,3.679,0.115,5.813
"2022-11-30 22:30:00",1366,12.23,4.428,3.432,0.115,5.704
"2022-11-30 22:45:00",1367,12.32,4.344,3.602,0.115,5.62
"2022-11-30 23:00:00",1368,12.26,4.445,3.721,0.115,5.505
"2022-11-30 23:15:00",1369,12.21,4.528,3.837,0.115,5.412
"2022-11-30 23:30:00",1370,12.19,4.432,3.587,0.114,5.345
"2022-11-30 23:45:00",1371,12.3,4.082,3.156,0.114,5.255
"2022-12-01 00:00:00",1372,12.17,3.925,3.008,0.114,5.162
"2022-12-01 00:15:00",1373,12.29,3.791,2.905,0.114,5.059
"2022-12-01 00:30:00",1374,12.07,5.609,4.97,0.114,4.962
"2022-12-01 00:45:00",1375,12.26,4.395,3.241,0.114,4.87
"2022-12-01 01:00:00",1376,12.22,4.079,2.9,0.114,4.781
"2022-12-01 01:15:00",1377,12.2,3.652,2.575,0.114,4.707
"2022-12-01 01:30:00",1378,12.18,3.302,2.236,0.114,4.654
"2022-12-01 01:45:00",1379,12.28,3.035,2.093,0.118,4.589
"2022-12-01 02:00:00",1380,12.2,2.947,1.942,0.118,4.552
"2022-12-01 02:15:00",1381,12.22,2.576,1.41,0.118,4.505
"2022-12-01 02:30:00",1382,12.23,2.304,1.416,0.118,4.442
"2022-12-01 02:45:00",1383,12.29,2.173,1.289,0.118,4.363
"2022-12-01 03:00:00",1384,12.29,2.064,1.258,0.118,4.273
"2022-12-01 03:15:00",1385,12.22,1.955,1.17,0.118,4.176
"2022-12-01 03:30:00",1386,12.29,1.899,1.138,0.118,4.102
"2022-12-01 03:45:00",1387,12.26,1.856,1.062,0.117,4.029
"2022-12-01 04:00:00",1388,12.22,1.749,0.886,0.117,3.987
"2022-12-01 04:15:00",1389,12.27,1.697,0.873,0.117,3.938
"2022-12-01 04:30:00",1390,12.22,1.636,0.888,0.12,3.83
"2022-12-01 04:45:00",1391,12.21,1.409,0.635,0.117,3.733
"2022-12-01 05:00:00",1392,12.28,1.334,0.581,0.117,3.653
"2022-12-01 05:15:00",1393,12.21,1.253,0.464,0.116,3.596
"2022-12-01 05:30:00",1394,12.28,1.152,0.381,0.116,3.543
"2022-12-01 05:45:00",1395,12.26,1.092,0.258,0.117,3.505
"2022-12-01 06:00:00",1396,12.2,0.978,0.221,0.115,3.458
"2022-12-01 06:15:00",1397,12.22,0.939,0.126,0.117,3.44
"2022-12-01 06:30:00",1398,12.27,0.836,0.033,0.116,3.4
"2022-12-01 06:45:00",1399,12.19,0.779,-0.007,0.116,3.381
"2022-12-01 07:00:00",1400,12.28,0.719,-0.04,0.116,3.311
"2022-12-01 07:15:00",1401,12.19,0.707,-0.047,0.116,3.229
"2022-12-01 07:30:00",1402,12.27,0.702,-0.166,0.115,3.185
"2022-12-01 07:45:00",1403,12.26,0.617,-0.244,0.116,3.174
"2022-12-01 08:00:00",1404,12.27,0.536,-0.3,0.116,3.161
"2022-12-01 08:15:00",1405,12.23,0.517,-0.189,0.114,3.103
"2022-12-01 08:30:00",1406,12.02,2.558,1.975,0.113,3.084
"2022-12-01 08:45:00",1407,12.23,1.429,0.375,0.113,3.086
"2022-12-01 09:00:00",1408,12.31,1.269,0.327,0.114,3.09
"2022-12-01 09:15:00",1409,12.2,1.183,0.44,0.116,3.088
"2022-12-01 09:30:00",1410,12.05,3.188,2.55,0.115,3.087
"2022-12-01 09:45:00",1411,12.19,2.118,1.353,0.114,3.112
"2022-12-01 10:00:00",1412,12.21,2.232,1.589,0.115,3.137
"2022-12-01 10:15:00",1413,12.27,2.398,1.899,0.115,3.139
"2022-12-01 10:30:00",1414,12.4,3.153,2.755,0.114,3.172
"2022-12-01 10:45:00",1415,12.66,4.315,3.919,0.114,3.243
"2022-12-01 11:00:00",1416,12.49,4.029,3.907,0.114,3.396
"2022-12-01 11:15:00",1417,12.41,4.894,4.556,0.114,3.496
"2022-12-01 11:30:00",1418,12.43,5.165,4.781,0.114,3.575
"2022-12-01 11:45:00",1419,12.45,5.82,5.562,0.114,3.709
"2022-12-01 12:00:00",1420,12.4,6.262,6.003,0.114,3.864
"2022-12-01 12:15:00",1421,12.51,6.322,5.953,0.114,3.973
"2022-12-01 12:30:00",1422,12.69,7.719,7.209,0.115,4.073
"2022-12-01 12:45:00",1423,12.81,8.1,7.665,0.114,4.234
"2022-12-01 13:00:00",1424,12.85,9.41,8.56,0.114,4.364
"2022-12-01 13:15:00",1425,12.68,8.83,7.951,0.114,4.478
"2022-12-01 13:30:00",1426,12.36,10.17,9.55,0.114,4.519
"2022-12-01 13:45:00",1427,12.58,8.69,7.91,0.114,4.594
"2022-12-01 14:00:00",1428,12.55,8.63,7.789,0.113,4.666
"2022-12-01 14:15:00",1429,12.69,8.57,7.788,0.113,4.725
"2022-12-01 14:30:00",1430,12.75,8.78,8.21,0.113,4.824
"2022-12-01 14:45:00",1431,12.64,8.76,8.32,0.114,4.948
"2022-12-01 15:00:00",1432,12.55,8.47,7.72,0.116,4.984
"2022-12-01 15:15:00",1433,12.56,8.26,7.573,0.117,5.005
"2022-12-01 15:30:00",1434,12.51,8.13,7.547,0.116,5.031
"2022-12-01 15:45:00",1435,12.55,7.985,7.341,0.116,5.041
"2022-12-01 16:00:00",1436,12.46,7.809,7.087,0.116,5.036
"2022-12-01 16:15:00",1437,12.49,7.569,6.779,0.116,5.012
"2022-12-01 16:30:00",1438,12.41,7.369,6.575,0.116,4.987
"2022-12-01 16:45:00",1439,12.35,6.963,5.682,0.116,4.923
"2022-12-01 17:00:00",1440,12.46,5.993,4.381,0.116,4.822
"2022-12-01 17:15:00",1441,12.45,4.939,3.346,0.116,4.709
"2022-12-01 17:30:00",1442,12.42,4.041,2.565,0.116,4.585
"2022-12-01 17:45:00",1443,12.37,3.297,1.927,0.115,4.462
"2022-12-01 18:00:00",1444,12.43,2.664,1.297,0.115,4.362
"2022-12-01 18:15:00",1445,12.36,2.094,0.797,0.115,4.267
"2022-12-01 18:30:00",1446,12.19,3.576,2.422,0.115,4.183
"2022-12-01 18:45:00",1447,12.32,2.081,0.696,0.115,4.103
"2022-12-01 19:00:00",1448,12.25,1.653,0.348,0.114,4.033
"2022-12-01 19:15:00",1449,12.36,1.207,-0.07,0.115,3.955
"2022-12-01 19:30:00",1450,12.31,0.835,-0.275,0.115,3.882
"2022-12-01 19:45:00",1451,12.26,0.583,-0.465,0.115,3.804
"2022-12-01 20:00:00",1452,12.27,0.373,-0.622,0.115,3.743
"2022-12-01 20:15:00",1453,12.34,0.341,-0.587,0.114,3.672
"2022-12-01 20:30:00",1454,12.33,0.097,-0.848,0.114,3.605
"2022-12-01 20:45:00",1455,12.32,-0.026,-0.977,0.115,3.561
"2022-12-01 21:00:00",1456,12.34,-0.16,-1.119,0.114,3.514
"2022-12-01 21:15:00",1457,12.32,-0.237,-1.087,0.115,3.465
"2022-12-01 21:30:00",1458,12.27,-0.314,-1.254,0.114,3.42
"2022-12-01 21:45:00",1459,12.21,-0.399,-1.343,0.115,3.388
"2022-12-01 22:00:00",1460,12.33,-0.491,-1.431,0.114,3.345
"2022-12-01 22:15:00",1461,12.23,-0.597,-1.487,0.114,3.297
"2022-12-01 22:30:00",1462,12.24,-0.662,-1.534,0.114,3.257
"2022-12-01 22:45:00",1463,12.32,-0.726,-1.643,0.114,3.216
"2022-12-01 23:00:00",1464,12.28,-0.815,-1.708,0.114,3.179
"2022-12-01 23:15:00",1465,12.25,-0.889,-1.782,0.115,3.141
"2022-12-01 23:30:00",1466,12.23,-0.935,-1.826,0.114,3.101
"2022-12-01 23:45:00",1467,12.21,-1.013,-1.909,0.114,3.067
"2022-12-02 00:00:00",1468,12.27,-1.08,-1.952,0.114,3.031
"2022-12-02 00:15:00",1469,12.2,-1.094,-1.943,0.114,2.995
"2022-12-02 00:30:00",1470,12.14,0.824,-0.005,0.114,2.97
"2022-12-02 00:45:00",1471,12.24,-0.381,-1.47,0.114,2.943
"2022-12-02 01:00:00",1472,12.22,-0.58,-1.723,0.114,2.917
"2022-12-02 01:15:00",1473,12.16,-0.817,-1.903,0.114,2.893
"2022-12-02 01:30:00",1474,12.19,-1.02,-2.081,0.114,2.872
"2022-12-02 01:45:00",1475,12.18,-1.098,-2.105,0.113,2.839
"2022-12-02 02:00:00",1476,12.23,-1.293,-2.274,0.114,2.818
"2022-12-02 02:15:00",1477,12.24,-1.414,-2.351,0.114,2.784
"2022-12-02 02:30:00",1478,12.21,-1.479,-2.408,0.114,2.766
"2022-12-02 02:45:00",1479,12.2,-1.548,-2.483,0.113,2.73
"2022-12-02 03:00:00",1480,12.17,-1.606,-2.518,0.113,2.703
"2022-12-02 03:15:00",1481,12.26,-1.644,-2.589,0.114,2.681
"2022-12-02 03:30:00",1482,12.16,-1.689,-2.58,0.113,2.654
"2022-12-02 03:45:00",1483,12.19,-1.738,-2.697,0.113,2.632
"2022-12-02 04:00:00",1484,12.23,-1.766,-2.659,0.113,2.607
"2022-12-02 04:15:00",1485,12.29,-1.802,-2.725,0.114,2.589
"2022-12-02 04:30:00",1486,12.2,-1.823,-2.706,0.113,2.566
"2022-12-02 04:45:00",1487,12.17,-1.83,-2.751,0.113,2.546
"2022-12-02 05:00:00",1488,12.22,-1.862,-2.768,0.113,2.524
"2022-12-02 05:15:00",1489,12.27,-1.885,-2.769,0.113,2.502
"2022-12-02 05:30:00",1490,12.28,-1.872,-2.757,0.113,2.484
"2022-12-02 05:45:00",1491,12.18,-1.88,-2.756,0.113,2.466
"2022-12-02 06:00:00",1492,12.28,-1.868,-2.726,0.113,2.451
"2022-12-02 06:15:00",1493,12.28,-1.862,-2.742,0.113,2.434
"2022-12-02 06:30:00",1494,12.2,-1.838,-2.701,0.113,2.419
"2022-12-02 06:45:00",1495,12.2,-1.821,-2.656,0.113,2.414
"2022-12-02 07:00:00",1496,12.17,-1.773,-2.627,0.113,2.403
"2022-12-02 07:15:00",1497,12.26,-1.729,-2.548,0.113,2.39
"2022-12-02 07:30:00",1498,12.22,-1.599,-2.411,0.113,2.388
"2022-12-02 07:45:00",1499,12.21,-1.518,-2.32,0.113,2.384
"2022-12-02 08:00:00",1500,12.2,-1.421,-2.214,0.113,2.391
"2022-12-02 08:15:00",1501,12.25,-1.305,-2.057,0.113,2.407
"2022-12-02 08:30:00",1502,11.98,0.868,0.403,0.113,2.421
"2022-12-02 08:45:00",1503,12.21,-0.003,-0.797,0.112,2.444
"2022-12-02 09:00:00",1504,12.25,0.208,-0.395,0.113,2.483
"2022-12-02 09:15:00",1505,12.29,0.495,0.106,0.113,2.529
"2022-12-02 09:30:00",1506,12.06,2.836,2.707,0.113,2.583
"2022-12-02 09:45:00",1507,12.25,2.18,1.77,0.113,2.643
"2022-12-02 10:00:00",1508,12.3,2.58,2.237,0.113,2.716
"2022-12-02 10:15:00",1509,12.19,3.116,2.943,0.113,2.788
"2022-12-02 10:30:00",1510,12.41,3.951,3.996,0.113,2.863
"2022-12-02 10:45:00",1511,12.4,5.087,5.032,0.113,2.972
"2022-12-02 11:00:00",1512,12.34,5.373,5.365,0.113,3.152
"2022-12-02 11:15:00",1513,12.38,6.157,5.812,0.113,3.212
"2022-12-02 11:30:00",1514,12.54,6.754,6.516,0.113,3.358
"2022-12-02 11:45:00",1515,12.46,7.328,7.133,0.113,3.562
"2022-12-02 12:00:00",1516,12.51,7.684,7.45,0.113,3.719
"2022-12-02 12:15:00",1517,12.51,7.75,7.554,0.113,3.887
"2022-12-02 12:30:00",1518,12.6,8.6,8.46,0.113,4.009
"2022-12-02 12:45:00",1519,12.71,8.93,8.8,0.113,4.169
"2022-12-02 13:00:00",1520,12.66,9.31,9,0.113,4.351
"2022-12-02 13:15:00",1521,12.77,10.5,10.35,0.113,4.565
"2022-12-02 13:30:00",1522,12.42,13.16,13.42,0.113,4.777
"2022-12-02 13:45:00",1523,12.57,11.5,10.96,0.113,4.839
"2022-12-02 14:00:00",1524,12.75,11.52,11.05,0.113,4.958
"2022-12-02 14:15:00",1525,12.67,12.1,11.65,0.113,5.124
"2022-12-02 14:30:00",1526,12.69,11.47,10.85,0.112,5.154
"2022-12-02 14:45:00",1527,12.6,11.16,10.39,0.113,5.149
"2022-12-02 15:00:00",1528,12.63,11.27,10.69,0.112,5.18
"2022-12-02 15:15:00",1529,12.59,11.1,10.6,0.113,5.222
"2022-12-02 15:30:00",1530,12.52,11.16,10.6,0.113,5.226
"2022-12-02 15:45:00",1531,12.47,10.78,10.14,0.113,5.224
"2022-12-02 16:00:00",1532,12.49,10.44,9.66,0.112,5.183
"2022-12-02 16:15:00",1533,12.39,9.89,8.84,0.112,5.132
"2022-12-02 16:30:00",1534,12.45,9.52,8.8,0.112,5.112
"2022-12-02 16:45:00",1535,12.46,9.16,8.38,0.112,5.086
"2022-12-02 17:00:00",1536,12.45,8.92,8.12,0.111,5.055
"2022-12-02 17:15:00",1537,12.35,8.66,7.99,0.111,5.017
"2022-12-02 17:30:00",1538,12.32,8.47,7.77,0.112,4.987
"2022-12-02 17:45:00",1539,12.29,8.38,7.688,0.112,4.949
"2022-12-02 18:00:00",1540,12.36,8.06,7.459,0.112,4.922
"2022-12-02 18:15:00",1541,12.4,8.12,7.648,0.112,4.915
"2022-12-02 18:30:00",1542,12.14,10.02,9.39,0.112,4.869
"2022-12-02 18:45:00",1543,12.29,8.51,7,0.112,4.794
"2022-12-02 19:00:00",1544,12.25,7.697,6.427,0.112,4.734
"2022-12-02 19:15:00",1545,12.32,7.077,5.814,0.112,4.687
"2022-12-02 19:30:00",1546,12.28,6.475,5.365,0.112,4.64
"2022-12-02 19:45:00",1547,12.34,6.065,5.123,0.112,4.599
"2022-12-02 20:00:00",1548,12.3,5.995,5.512,0.112,4.595
"2022-12-02 20:15:00",1549,12.31,6.218,5.782,0.112,4.581
"2022-12-02 20:30:00",1550,12.24,6.455,6.073,0.112,4.573
"2022-12-02 20:45:00",1551,12.3,6.849,6.713,0.112,4.589
"2022-12-02 21:00:00",1552,12.25,7.339,7.176,0.112,4.634
"2022-12-02 21:15:00",1553,12.28,7.606,7.24,0.112,4.689
"2022-12-02 21:30:00",1554,12.25,7.745,7.38,0.112,4.734
"2022-12-02 21:45:00",1555,12.32,7.875,7.453,0.112,4.785
"2022-12-02 22:00:00",1556,12.24,7.975,7.578,0.112,4.82
"2022-12-02 22:15:00",1557,12.2,8.15,7.84,0.111,4.849
"2022-12-02 22:30:00",1558,12.33,8.39,8.06,0.112,4.873
"2022-12-02 22:45:00",1559,12.3,8.45,7.633,0.113,4.902
"2022-12-02 23:00:00",1560,12.29,7.982,7.132,0.114,4.941
"2022-12-02 23:15:00",1561,12.21,7.824,7.32,0.114,4.983
"2022-12-02 23:30:00",1562,12.28,7.929,7.441,0.114,5.02
"2022-12-02 23:45:00",1563,12.21,7.977,7.473,0.114,5.057
"2022-12-03 00:00:00",1564,12.3,8.02,7.418,0.114,5.093
"2022-12-03 00:15:00",1565,12.3,7.813,7.049,0.114,5.125
"2022-12-03 00:30:00",1566,12.02,9.56,9.03,0.115,5.154
"2022-12-03 00:45:00",1567,12.24,8.5,7.634,0.115,5.183
"2022-12-03 01:00:00",1568,12.25,8.33,7.51,0.115,5.216
"2022-12-03 01:15:00",1569,12.27,8.04,7.255,0.115,5.252
"2022-12-03 01:30:00",1570,12.2,7.82,7.082,0.116,5.284
"2022-12-03 01:45:00",1571,12.2,7.683,7.012,0.116,5.317
"2022-12-03 02:00:00",1572,12.24,7.576,6.928,0.119,5.345
"2022-12-03 02:15:00",1573,12.24,7.47,6.842,0.119,5.372
"2022-12-03 02:30:00",1574,12.17,7.392,6.776,0.121,5.396
"2022-12-03 02:45:00",1575,12.22,7.338,6.729,0.121,5.418
"2022-12-03 03:00:00",1576,12.28,7.315,6.739,0.121,5.443
"2022-12-03 03:15:00",1577,12.23,7.302,6.726,0.122,5.47
"2022-12-03 03:30:00",1578,12.28,7.3,6.739,0.124,5.493
"2022-12-03 03:45:00",1579,12.29,7.307,6.751,0.126,5.514
"2022-12-03 04:00:00",1580,12.26,7.311,6.772,0.127,5.538
"2022-12-03 04:15:00",1581,12.3,7.354,6.83,0.128,5.561
"2022-12-03 04:30:00",1582,12.26,7.393,6.895,0.129,5.592
"2022-12-03 04:45:00",1583,12.16,7.457,6.972,0.131,5.621
"2022-12-03 05:00:00",1584,12.24,7.618,7.254,0.133,5.664
"2022-12-03 05:15:00",1585,12.29,7.877,7.592,0.135,5.7
"2022-12-03 05:30:00",1586,12.23,8.15,7.818,0.137,5.74
"2022-12-03 05:45:00",1587,12.22,8.51,8.39,0.137,5.813
"2022-12-03 06:00:00",1588,12.25,9.02,8.87,0.137,5.879
"2022-12-03 06:15:00",1589,12.29,9.44,9.23,0.137,5.943
"2022-12-03 06:30:00",1590,12.29,9.69,9.35,0.137,5.999
"2022-12-03 06:45:00",1591,12.21,9.89,9.52,0.136,6.055
"2022-12-03 07:00:00",1592,12.2,10.01,9.6,0.135,6.098
"2022-12-03 07:15:00",1593,12.23,10.03,9.53,0.135,6.149
"2022-12-03 07:30:00",1594,12.2,10,9.47,0.138,6.2
"2022-12-03 07:45:00",1595,12.26,9.99,9.5,0.138,6.252
"2022-12-03 08:00:00",1596,12.22,10.06,9.54,0.139,6.297
"2022-12-03 08:15:00",1597,12.24,10.11,9.61,0.139,6.34
"2022-12-03 08:30:00",1598,12.07,12.15,11.97,0.139,6.387
"2022-12-03 08:45:00",1599,12.18,11.24,10.67,0.14,6.439
"2022-12-03 09:00:00",1600,12.3,11.24,10.61,0.14,6.488
"2022-12-03 09:15:00",1601,12.29,11.16,10.59,0.142,6.543
"2022-12-03 09:30:00",1602,12.03,13.07,12.76,0.144,6.602
"2022-12-03 09:45:00",1603,12.29,12.16,11.56,0.147,6.666
"2022-12-03 10:00:00",1604,12.29,12.25,11.79,0.147,6.76
"2022-12-03 10:15:00",1605,12.27,12.22,11.71,0.149,6.827
"2022-12-03 10:30:00",1606,12.24,12.2,11.74,0.15,6.888
"2022-12-03 10:45:00",1607,12.25,12.21,11.7,0.151,6.935
"2022-12-03 11:00:00",1608,12.34,12.33,11.97,0.152,7.004
"2022-12-03 11:15:00",1609,12.33,12.53,12.21,0.152,7.088
"2022-12-03 11:30:00",1610,12.27,12.74,12.41,0.151,7.185
"2022-12-03 11:45:00",1611,12.25,12.98,12.65,0.149,7.265
"2022-12-03 12:00:00",1612,12.34,13.34,13.07,0.147,7.394
"2022-12-03 12:15:00",1613,12.32,13.66,13.35,0.145,7.537
"2022-12-03 12:30:00",1614,12.33,13.88,13.53,0.143,7.642
"2022-12-03 12:45:00",1615,12.34,14.18,13.74,0.141,7.739
"2022-12-03 13:00:00",1616,12.35,14.24,13.85,0.139,7.853
"2022-12-03 13:15:00",1617,12.28,14.29,13.83,0.138,7.938
"2022-12-03 13:30:00",1618,12.07,16.29,16.19,0.136,8
"2022-12-03 13:45:00",1619,12.31,15.51,15.14,0.135,8.08
"2022-12-03 14:00:00",1620,12.36,15.89,15.51,0.134,8.24
"2022-12-03 14:15:00",1621,12.34,15.87,15.43,0.133,8.34
"2022-12-03 14:30:00",1622,12.37,15.94,15.47,0.132,8.41
"2022-12-03 14:45:00",1623,12.35,15.88,15.37,0.132,8.5
"2022-12-03 15:00:00",1624,12.29,15.89,15.39,0.131,8.53
"2022-12-03 15:15:00",1625,12.36,15.86,15.28,0.131,8.54
"2022-12-03 15:30:00",1626,12.35,16.18,15.85,0.131,8.61
"2022-12-03 15:45:00",1627,12.25,16.29,15.87,0.131,8.72
"2022-12-03 16:00:00",1628,12.32,16.17,15.5,0.13,8.7
"2022-12-03 16:15:00",1629,12.25,15.95,15.24,0.13,8.66
"2022-12-03 16:30:00",1630,12.24,15.57,14.65,0.13,8.61
"2022-12-03 16:45:00",1631,12.34,15.17,14.09,0.129,8.55
"2022-12-03 17:00:00",1632,12.22,14.52,13.62,0.129,8.49
"2022-12-03 17:15:00",1633,12.24,14.23,13.54,0.129,8.44
"2022-12-03 17:30:00",1634,12.23,14.27,13.64,0.128,8.39
"2022-12-03 17:45:00",1635,12.26,14.05,13.23,0.129,8.33
"2022-12-03 18:00:00",1636,12.29,13.82,12.92,0.128,8.29
"2022-12-03 18:15:00",1637,12.28,13.36,12.35,0.128,8.27
"2022-12-03 18:30:00",1638,12.07,15.29,15.22,0.126,8.27
"2022-12-03 18:45:00",1639,12.16,14.51,14.03,0.126,8.28
"2022-12-03 19:00:00",1640,12.21,14.42,13.64,0.126,8.26
"2022-12-03 19:15:00",1641,12.3,14.05,13.01,0.126,8.2
"2022-12-03 19:30:00",1642,12.3,13.47,12.36,0.126,8.11
"2022-12-03 19:45:00",1643,12.24,13.03,12.07,0.126,8.03
"2022-12-03 20:00:00",1644,12.22,12.65,11.65,0.125,7.945
"2022-12-03 20:15:00",1645,12.29,12.23,11.09,0.125,7.854
"2022-12-03 20:30:00",1646,12.3,11.71,10.53,0.125,7.767
"2022-12-03 20:45:00",1647,12.3,11.2,10.06,0.125,7.671
"2022-12-03 21:00:00",1648,12.28,10.46,8.99,0.124,7.583
"2022-12-03 21:15:00",1649,12.18,9.84,8.51,0.124,7.499
"2022-12-03 21:30:00",1650,12.21,9.21,8.09,0.124,7.413
"2022-12-03 21:45:00",1651,12.2,8.83,7.855,0.124,7.325
"2022-12-03 22:00:00",1652,12.27,8.66,7.781,0.124,7.238
"2022-12-03 22:15:00",1653,12.26,8.49,7.552,0.124,7.141
"2022-12-03 22:30:00",1654,12.22,8.44,7.509,0.123,7.041
"2022-12-03 22:45:00",1655,12.21,8.09,7.176,0.123,6.945
"2022-12-03 23:00:00",1656,12.2,7.924,6.967,0.123,6.842
"2022-12-03 23:15:00",1657,12.16,7.583,6.633,0.122,6.741
"2022-12-03 23:30:00",1658,12.26,7.229,6.036,0.122,6.648
"2022-12-03 23:45:00",1659,12.23,7.059,6.14,0.121,6.571
"2022-12-04 00:00:00",1660,12.23,6.833,5.824,0.122,6.476
"2022-12-04 00:15:00",1661,12.2,6.609,5.692,0.121,6.38
"2022-12-04 00:30:00",1662,12,8.55,7.89,0.122,6.305
"2022-12-04 00:45:00",1663,12.16,7.201,5.816,0.121,6.235
"2022-12-04 01:00:00",1664,12.17,6.761,5.375,0.121,6.17
"2022-12-04 01:15:00",1665,12.22,6.131,4.699,0.121,6.1
"2022-12-04 01:30:00",1666,12.25,5.482,3.926,0.121,6.023
"2022-12-04 01:45:00",1667,12.25,4.759,3.256,0.121,5.94
"2022-12-04 02:00:00",1668,12.29,4.325,3.127,0.122,5.867
"2022-12-04 02:15:00",1669,12.27,4.069,3.132,0.121,5.802
"2022-12-04 02:30:00",1670,12.18,4.147,3.335,0.121,5.739
"2022-12-04 02:45:00",1671,12.25,4.231,3.476,0.121,5.671
"2022-12-04 03:00:00",1672,12.19,4.444,3.666,0.121,5.612
"2022-12-04 03:15:00",1673,12.29,4.416,3.579,0.121,5.531
"2022-12-04 03:30:00",1674,12.26,4.471,3.764,0.121,5.458
"2022-12-04 03:45:00",1675,12.28,4.397,3.639,0.121,5.378
"2022-12-04 04:00:00",1676,12.24,4.412,3.622,0.121,5.283
"2022-12-04 04:15:00",1677,12.18,4.381,3.612,0.121,5.188
"2022-12-04 04:30:00",1678,12.28,4.468,3.559,0.121,5.097
"2022-12-04 04:45:00",1679,12.26,4.053,3.059,0.121,5.033
"2022-12-04 05:00:00",1680,12.28,3.809,2.628,0.121,4.965
"2022-12-04 05:15:00",1681,12.19,3.349,2.404,0.121,4.895
"2022-12-04 05:30:00",1682,12.23,3.202,2.201,0.121,4.828
"2022-12-04 05:45:00",1683,12.24,3.077,2.267,0.12,4.783
"2022-12-04 06:00:00",1684,12.28,3.159,2.479,0.12,4.715
"2022-12-04 06:15:00",1685,12.25,3.168,2.294,0.121,4.647
"2022-12-04 06:30:00",1686,12.24,3.052,2.145,0.12,4.598
"2022-12-04 06:45:00",1687,12.25,3.035,2.13,0.121,4.557
"2022-12-04 07:00:00",1688,12.28,2.678,1.643,0.121,4.508
"2022-12-04 07:15:00",1689,12.28,2.379,1.311,0.121,4.457
"2022-12-04 07:30:00",1690,12.29,2.105,1.022,0.121,4.415
"2022-12-04 07:45:00",1691,12.2,1.926,1.034,0.121,4.409
"2022-12-04 08:00:00",1692,12.26,2.003,1.393,0.121,4.412
"2022-12-04 08:15:00",1693,12.3,2.43,2.198,0.121,4.454
"2022-12-04 08:30:00",1694,12.12,5.059,5.093,0.12,4.526
"2022-12-04 08:45:00",1695,12.2,4.466,4.04,0.121,4.568
"2022-12-04 09:00:00",1696,12.35,4.754,4.2,0.12,4.625
"2022-12-04 09:15:00",1697,12.37,4.908,4.334,0.12,4.669
"2022-12-04 09:30:00",1698,12.13,6.97,6.57,0.12,4.712
"2022-12-04 09:45:00",1699,12.32,6.142,5.609,0.12,4.814
"2022-12-04 10:00:00",1700,12.31,6.216,5.604,0.12,4.908
"2022-12-04 10:15:00",1701,12.34,6.303,5.729,0.12,5
"2022-12-04 10:30:00",1702,12.34,6.289,5.702,0.12,5.069
"2022-12-04 10:45:00",1703,12.37,6.429,5.905,0.12,5.147
"2022-12-04 11:00:00",1704,12.32,6.533,6.002,0.12,5.224
"2022-12-04 11:15:00",1705,12.4,6.688,6.203,0.12,5.294
"2022-12-04 11:30:00",1706,12.41,6.972,6.585,0.12,5.39
"2022-12-04 11:45:00",1707,12.49,7.499,7.21,0.119,5.512
"2022-12-04 12:00:00",1708,12.52,8.1,7.825,0.119,5.65
"2022-12-04 12:15:00",1709,12.55,8.51,8.15,0.12,5.786
"2022-12-04 12:30:00",1710,12.68,9.52,9.15,0.119,5.905
"2022-12-04 12:45:00",1711,12.77,10.05,9.54,0.119,6.007
"2022-12-04 13:00:00",1712,12.82,10.59,9.68,0.119,6.051
"2022-12-04 13:15:00",1713,12.74,10.22,9.39,0.119,6.095
"2022-12-04 13:30:00",1714,12.51,12.24,11.98,0.12,6.151
"2022-12-04 13:45:00",1715,12.57,10.99,10.33,0.119,6.205
"2022-12-04 14:00:00",1716,12.65,10.96,10.34,0.119,6.308
"2022-12-04 14:15:00",1717,12.66,11.24,10.59,0.119,6.378
"2022-12-04 14:30:00",1718,12.62,10.83,10.12,0.119,6.396
"2022-12-04 14:45:00",1719,12.62,10.55,9.71,0.118,6.365
"2022-12-04 15:00:00",1720,12.57,10.08,9.19,0.119,6.327
"2022-12-04 15:15:00",1721,12.52,9.83,9.19,0.119,6.32
"2022-12-04 15:30:00",1722,12.56,9.98,9.29,0.118,6.314
"2022-12-04 15:45:00",1723,12.49,9.81,8.99,0.119,6.287
"2022-12-04 16:00:00",1724,12.5,9.32,8.34,0.119,6.23
"2022-12-04 16:15:00",1725,12.43,8.79,7.551,0.119,6.164
"2022-12-04 16:30:00",1726,12.47,8.05,6.584,0.119,6.061
"2022-12-04 16:45:00",1727,12.38,7.099,5.481,0.119,5.939
"2022-12-04 17:00:00",1728,12.43,6.171,4.525,0.119,5.802
"2022-12-04 17:15:00",1729,12.33,5.229,3.633,0.119,5.674
"2022-12-04 17:30:00",1730,12.39,4.433,2.934,0.119,5.541
"2022-12-04 17:45:00",1731,12.31,3.782,2.352,0.118,5.422
"2022-12-04 18:00:00",1732,12.38,3.227,1.881,0.118,5.308
"2022-12-04 18:15:00",1733,12.3,2.774,1.477,0.119,5.195
"2022-12-04 18:30:00",1734,12.1,4.348,3.31,0.118,5.094
"2022-12-04 18:45:00",1735,12.22,3.136,1.614,0.118,4.986
"2022-12-04 19:00:00",1736,12.34,2.457,0.963,0.118,4.892
"2022-12-04 19:15:00",1737,12.29,1.93,0.568,0.119,4.799
"2022-12-04 19:30:00",1738,12.33,1.645,0.383,0.118,4.716
"2022-12-04 19:45:00",1739,12.32,1.216,0.042,0.119,4.635
"2022-12-04 20:00:00",1740,12.24,0.964,-0.177,0.119,4.561
"2022-12-04 20:15:00",1741,12.33,0.735,-0.371,0.119,4.483
"2022-12-04 20:30:00",1742,12.27,0.558,-0.527,0.119,4.409
"2022-12-04 20:45:00",1743,12.32,0.406,-0.673,0.119,4.34
"2022-12-04 21:00:00",1744,12.2,0.359,-0.689,0.119,4.275
"2022-12-04 21:15:00",1745,12.24,0.258,-0.783,0.119,4.211
"2022-12-04 21:30:00",1746,12.25,0.016,-0.996,0.119,4.148
"2022-12-04 21:45:00",1747,12.24,-0.075,-1.06,0.119,4.099
"2022-12-04 22:00:00",1748,12.3,-0.174,-1.155,0.118,4.039
"2022-12-04 22:15:00",1749,12.3,-0.251,-1.204,0.118,3.979
"2022-12-04 22:30:00",1750,12.27,-0.32,-1.241,0.119,3.927
"2022-12-04 22:45:00",1751,12.22,-0.396,-1.348,0.118,3.872
"2022-12-04 23:00:00",1752,12.28,-0.486,-1.412,0.118,3.828
"2022-12-04 23:15:00",1753,12.25,-0.575,-1.539,0.118,3.772
"2022-12-04 23:30:00",1754,12.27,-0.659,-1.596,0.119,3.723
"2022-12-04 23:45:00",1755,12.29,-0.736,-1.697,0.118,3.668
"2022-12-05 00:00:00",1756,12.26,-0.85,-1.776,0.118,3.618
"2022-12-05 00:15:00",1757,12.19,-0.909,-1.765,0.118,3.571
"2022-12-05 00:30:00",1758,12.03,1.076,0.403,0.119,3.524
"2022-12-05 00:45:00",1759,12.21,0.012,-0.918,0.118,3.485
"2022-12-05 01:00:00",1760,12.18,0,-0.866,0.118,3.444
"2022-12-05 01:15:00",1761,12.19,-0.05,-0.88,0.118,3.41
"2022-12-05 01:30:00",1762,12.17,-0.126,-1.02,0.118,3.383
"2022-12-05 01:45:00",1763,12.22,-0.27,-1.305,0.118,3.362
"2022-12-05 02:00:00",1764,12.25,-0.479,-1.475,0.118,3.321
"2022-12-05 02:15:00",1765,12.2,-0.642,-1.63,0.118,3.282
"2022-12-05 02:30:00",1766,12.22,-0.823,-1.861,0.118,3.245
"2022-12-05 02:45:00",1767,12.18,-1.006,-2.005,0.118,3.206
"2022-12-05 03:00:00",1768,12.18,-1.03,-2.037,0.118,3.167
"2022-12-05 03:15:00",1769,12.21,-1.075,-2.077,0.118,3.123
"2022-12-05 03:30:00",1770,12.24,-1.38,-2.349,0.118,3.086
"2022-12-05 03:45:00",1771,12.23,-1.458,-2.418,0.118,3.056
"2022-12-05 04:00:00",1772,12.13,-1.53,-2.461,0.118,3.015
"2022-12-05 04:15:00",1773,12.17,-1.588,-2.565,0.119,2.993
"2022-12-05 04:30:00",1774,12.18,-1.667,-2.566,0.118,2.937
"2022-12-05 04:45:00",1775,12.25,-1.659,-2.521,0.118,2.922
"2022-12-05 05:00:00",1776,12.17,-1.671,-2.575,0.118,2.889
"2022-12-05 05:15:00",1777,12.15,-1.685,-2.526,0.118,2.866
"2022-12-05 05:30:00",1778,12.17,-1.64,-2.523,0.118,2.844
"2022-12-05 05:45:00",1779,12.14,-1.603,-2.444,0.118,2.838
"2022-12-05 06:00:00",1780,12.28,-1.527,-2.268,0.118,2.832
"2022-12-05 06:15:00",1781,12.22,-1.415,-2.126,0.118,2.834
"2022-12-05 06:30:00",1782,12.22,-1.291,-2.03,0.118,2.827
"2022-12-05 06:45:00",1783,12.19,-1.215,-2.035,0.118,2.822
"2022-12-05 07:00:00",1784,12.25,-1.075,-1.905,0.118,2.808
"2022-12-05 07:15:00",1785,12.18,-1.029,-1.844,0.118,2.794
"2022-12-05 07:30:00",1786,12.18,-1.06,-1.869,0.118,2.794
"2022-12-05 07:45:00",1787,12.25,-0.972,-1.764,0.118,2.802
"2022-12-05 08:00:00",1788,12.28,-0.829,-1.531,0.117,2.821
"2022-12-05 08:15:00",1789,12.26,-0.627,-1.252,0.118,2.86
"2022-12-05 08:30:00",1790,11.97,1.78,1.467,0.118,2.904
"2022-12-05 08:45:00",1791,12.28,0.968,0.372,0.118,2.969
"2022-12-05 09:00:00",1792,12.32,1.24,0.606,0.118,3.038
"2022-12-05 09:15:00",1793,12.25,1.484,1.046,0.117,3.123
"2022-12-05 09:30:00",1794,12.07,3.759,3.586,0.118,3.228
"2022-12-05 09:45:00",1795,12.19,3.03,2.642,0.117,3.317
"2022-12-05 10:00:00",1796,12.28,3.298,2.964,0.117,3.41
"2022-12-05 10:15:00",1797,12.3,3.687,3.492,0.118,3.526
"2022-12-05 10:30:00",1798,12.32,4.137,3.977,0.117,3.638
"2022-12-05 10:45:00",1799,12.41,4.642,4.533,0.118,3.765
"2022-12-05 11:00:00",1800,12.46,5.154,4.926,0.118,3.881
"2022-12-05 11:15:00",1801,12.42,5.473,5.101,0.118,3.978
"2022-12-05 11:30:00",1802,12.38,5.581,5.078,0.118,4.055
"2022-12-05 11:45:00",1803,12.38,5.815,5.39,0.117,4.153
"2022-12-05 12:00:00",1804,12.41,5.898,5.516,0.117,4.266
"2022-12-05 12:15:00",1805,12.48,5.969,5.534,0.118,4.371
"2022-12-05 12:30:00",1806,12.45,5.983,5.553,0.118,4.446
"2022-12-05 12:45:00",1807,12.52,6.069,5.643,0.117,4.514
"2022-12-05 13:00:00",1808,12.47,6.374,5.96,0.117,4.603
"2022-12-05 13:15:00",1809,12.54,6.55,6.139,0.117,4.691
"2022-12-05 13:30:00",1810,12.21,8.57,8.26,0.118,4.777
"2022-12-05 13:45:00",1811,12.43,7.496,6.88,0.117,4.862
"2022-12-05 14:00:00",1812,12.49,7.439,6.874,0.117,4.947
"2022-12-05 14:15:00",1813,12.36,7.281,6.72,0.117,5.005
"2022-12-05 14:30:00",1814,12.47,7.146,6.579,0.118,5.045
"2022-12-05 14:45:00",1815,12.45,7.056,6.412,0.117,5.058
"2022-12-05 15:00:00",1816,12.41,6.82,6.194,0.117,5.07
"2022-12-05 15:15:00",1817,12.44,6.665,6.064,0.118,5.086
"2022-12-05 15:30:00",1818,12.34,6.539,5.94,0.117,5.091
"2022-12-05 15:45:00",1819,12.39,6.403,5.782,0.118,5.078
"2022-12-05 16:00:00",1820,12.39,6.234,5.565,0.117,5.058
"2022-12-05 16:15:00",1821,12.3,6.002,5.258,0.117,5.027
"2022-12-05 16:30:00",1822,12.34,5.744,4.928,0.118,4.981
"2022-12-05 16:45:00",1823,12.37,5.438,4.566,0.117,4.934
"2022-12-05 17:00:00",1824,12.26,5.083,4.139,0.118,4.871
"2022-12-05 17:15:00",1825,12.27,4.646,3.663,0.118,4.814
"2022-12-05 17:30:00",1826,12.37,4.369,3.475,0.118,4.758
"2022-12-05 17:45:00",1827,12.33,4.06,3.244,0.118,4.711
"2022-12-05 18:00:00",1828,12.29,3.863,3.028,0.117,4.671
"2022-12-05 18:15:00",1829,12.27,3.71,2.994,0.117,4.635
"2022-12-05 18:30:00",1830,12.02,5.684,5.235,0.118,4.61
"2022-12-05 18:45:00",1831,12.27,4.748,4.183,0.118,4.612
"2022-12-05 19:00:00",1832,12.18,4.868,4.33,0.117,4.631
"2022-12-05 19:15:00",1833,12.29,4.92,4.413,0.118,4.637
"2022-12-05 19:30:00",1834,12.19,4.952,4.435,0.117,4.629
"2022-12-05 19:45:00",1835,12.25,4.964,4.437,0.117,4.637
"2022-12-05 20:00:00",1836,12.18,4.963,4.446,0.117,4.636
"2022-12-05 20:15:00",1837,12.15,4.983,4.452,0.117,4.638
"2022-12-05 20:30:00",1838,12.23,5.001,4.478,0.117,4.644
"2022-12-05 20:45:00",1839,12.25,5.016,4.501,0.117,4.647
"2022-12-05 21:00:00",1840,12.29,5.058,4.549,0.118,4.654
"2022-12-05 21:15:00",1841,12.18,5.077,4.556,0.117,4.669
"2022-12-05 21:30:00",1842,12.25,5.09,4.58,0.117,4.68
"2022-12-05 21:45:00",1843,12.16,5.118,4.606,0.117,4.678
"2022-12-05 22:00:00",1844,12.19,5.149,4.666,0.117,4.69
"2022-12-05 22:15:00",1845,12.23,5.109,4.466,0.117,4.703
"2022-12-05 22:30:00",1846,12.22,5.013,4.401,0.117,4.711
"2022-12-05 22:45:00",1847,12.18,4.967,4.41,0.117,4.725
"2022-12-05 23:00:00",1848,12.26,4.94,4.358,0.118,4.728
"2022-12-05 23:15:00",1849,12.2,4.896,4.312,0.117,4.728
"2022-12-05 23:30:00",1850,12.19,4.873,4.279,0.117,4.731
"2022-12-05 23:45:00",1851,12.26,4.838,4.266,0.118,4.733
"2022-12-06 00:00:00",1852,12.14,4.854,4.327,0.118,4.744
"2022-12-06 00:15:00",1853,12.15,4.886,4.34,0.118,4.753
"2022-12-06 00:30:00",1854,11.99,6.878,6.565,0.118,4.768
"2022-12-06 00:45:00",1855,12.24,5.885,5.193,0.117,4.783
"2022-12-06 01:00:00",1856,12.21,5.791,5.039,0.117,4.798
"2022-12-06 01:15:00",1857,12.19,5.774,5.112,0.117,4.815
"2022-12-06 01:30:00",1858,12.2,5.75,5.139,0.117,4.83
"2022-12-06 01:45:00",1859,12.21,5.497,4.909,0.117,4.84
"2022-12-06 02:00:00",1860,12.27,5.438,4.86,0.117,4.85
"2022-12-06 02:15:00",1861,12.2,5.446,4.909,0.117,4.86
"2022-12-06 02:30:00",1862,12.21,5.457,4.948,0.117,4.873
"2022-12-06 02:45:00",1863,12.16,5.513,5.001,0.117,4.89
"2022-12-06 03:00:00",1864,12.28,5.498,4.931,0.117,4.905
"2022-12-06 03:15:00",1865,12.26,5.502,4.971,0.117,4.919
"2022-12-06 03:30:00",1866,12.17,5.466,4.833,0.118,4.917
"2022-12-06 03:45:00",1867,12.25,5.322,4.64,0.119,4.916
"2022-12-06 04:00:00",1868,12.22,5.201,4.572,0.12,4.931
"2022-12-06 04:15:00",1869,12.28,5.118,4.515,0.121,4.946
"2022-12-06 04:30:00",1870,12.28,5.094,4.51,0.12,4.962
"2022-12-06 04:45:00",1871,12.25,5.083,4.507,0.12,4.976
"2022-12-06 05:00:00",1872,12.23,5.085,4.514,0.121,4.989
"2022-12-06 05:15:00",1873,12.18,5.083,4.521,0.121,5.002
"2022-12-06 05:30:00",1874,12.28,5.087,4.534,0.123,5.011
"2022-12-06 05:45:00",1875,12.27,5.086,4.542,0.123,5.021
"2022-12-06 06:00:00",1876,12.27,5.097,4.534,0.125,5.031
"2022-12-06 06:15:00",1877,12.24,5.092,4.548,0.125,5.047
"2022-12-06 06:30:00",1878,12.19,5.1,4.552,0.125,5.057
"2022-12-06 06:45:00",1879,12.17,5.108,4.543,0.126,5.068
"2022-12-06 07:00:00",1880,12.27,5.121,4.573,0.127,5.081
"2022-12-06 07:15:00",1881,12.26,5.12,4.576,0.126,5.095
"2022-12-06 07:30:00",1882,12.22,5.177,4.655,0.126,5.107
"2022-12-06 07:45:00",1883,12.21,5.284,4.758,0.125,5.123
"2022-12-06 08:00:00",1884,12.2,5.37,4.853,0.125,5.144
"2022-12-06 08:15:00",1885,12.17,5.485,5.021,0.128,5.172
"2022-12-06 08:30:00",1886,11.87,7.594,7.388,0.128,5.206
"2022-12-06 08:45:00",1887,12.17,6.685,6.037,0.128,5.232
"2022-12-06 09:00:00",1888,12.24,6.62,5.866,0.128,5.263
"2022-12-06 09:15:00",1889,12.27,6.505,5.847,0.127,5.303
"2022-12-06 09:30:00",1890,12.04,8.57,8.15,0.127,5.361
"2022-12-06 09:45:00",1891,12.26,7.426,6.708,0.127,5.438
"2022-12-06 10:00:00",1892,12.22,7.237,6.466,0.126,5.483
"2022-12-06 10:15:00",1893,12.3,7.058,6.379,0.126,5.516
"2022-12-06 10:30:00",1894,12.3,7.092,6.491,0.125,5.549
"2022-12-06 10:45:00",1895,12.22,7.052,6.436,0.125,5.582
"2022-12-06 11:00:00",1896,12.28,6.992,6.443,0.124,5.625
"2022-12-06 11:15:00",1897,12.29,7.208,6.78,0.124,5.678
"2022-12-06 11:30:00",1898,12.22,7.199,6.827,0.124,5.737
"2022-12-06 11:45:00",1899,12.23,7.45,7.125,0.123,5.794
"2022-12-06 12:00:00",1900,12.24,7.611,7.083,0.123,5.842
"2022-12-06 12:15:00",1901,12.26,7.637,7.077,0.123,5.884
"2022-12-06 12:30:00",1902,12.33,7.662,7.17,0.123,5.93
"2022-12-06 12:45:00",1903,12.25,7.912,7.561,0.122,6.002
"2022-12-06 13:00:00",1904,12.26,8.26,8,0.122,6.102
"2022-12-06 13:15:00",1905,12.25,8.52,8.09,0.123,6.172
"2022-12-06 13:30:00",1906,12.07,10.48,10.21,0.122,6.22
"2022-12-06 13:45:00",1907,12.15,9.33,8.53,0.122,6.238
"2022-12-06 14:00:00",1908,12.23,9.06,8.21,0.122,6.246
"2022-12-06 14:15:00",1909,12.18,8.74,7.937,0.122,6.254
"2022-12-06 14:30:00",1910,12.27,8.51,7.798,0.122,6.259
"2022-12-06 14:45:00",1911,12.22,8.48,7.855,0.123,6.279
"2022-12-06 15:00:00",1912,12.28,8.48,7.911,0.123,6.3
"2022-12-06 15:15:00",1913,12.22,8.41,7.819,0.124,6.305
"2022-12-06 15:30:00",1914,12.26,8.2,7.58,0.13,6.292
"2022-12-06 15:45:00",1915,12.17,8.17,7.581,0.137,6.288
"2022-12-06 16:00:00",1916,12.29,8.18,7.644,0.142,6.297
"2022-12-06 16:15:00",1917,12.16,8.25,7.76,0.142,6.318
"2022-12-06 16:30:00",1918,12.2,8.22,7.659,0.149,6.323
"2022-12-06 16:45:00",1919,12.2,8.15,7.546,0.157,6.304
"2022-12-06 17:00:00",1920,12.21,8.1,7.525,0.174,6.304
"2022-12-06 17:15:00",1921,12.27,8.07,7.518,0.183,6.328
"2022-12-06 17:30:00",1922,12.16,8.1,7.575,0.19,6.389
"2022-12-06 17:45:00",1923,12.22,8.15,7.687,0.196,6.438
"2022-12-06 18:00:00",1924,12.25,8.27,7.806,0.204,6.492
"2022-12-06 18:15:00",1925,12.18,8.33,7.832,0.21,6.541
"2022-12-06 18:30:00",1926,12.06,10.34,10.06,0.208,6.58
"2022-12-06 18:45:00",1927,12.23,9.34,8.62,0.204,6.611
"2022-12-06 19:00:00",1928,12.21,9.16,8.35,0.199,6.634
"2022-12-06 19:15:00",1929,12.27,8.9,8.15,0.194,6.652
"2022-12-06 19:30:00",1930,12.2,8.71,8.01,0.189,6.665
"2022-12-06 19:45:00",1931,12.21,8.56,7.927,0.186,6.679
"2022-12-06 20:00:00",1932,12.26,8.49,7.9,0.183,6.69
"2022-12-06 20:15:00",1933,12.26,8.47,7.93,0.18,6.702
"2022-12-06 20:30:00",1934,12.25,8.49,7.939,0.178,6.714
"2022-12-06 20:45:00",1935,12.23,8.48,7.915,0.175,6.724
"2022-12-06 21:00:00",1936,12.18,8.46,7.918,0.173,6.734
"2022-12-06 21:15:00",1937,12.22,8.46,7.912,0.171,6.746
"2022-12-06 21:30:00",1938,12.23,8.45,7.911,0.169,6.761
"2022-12-06 21:45:00",1939,12.19,8.48,7.938,0.167,6.772
"2022-12-06 22:00:00",1940,12.18,8.47,7.917,0.166,6.784
"2022-12-06 22:15:00",1941,12.15,8.49,7.94,0.164,6.795
"2022-12-06 22:30:00",1942,12.24,8.45,7.876,0.162,6.798
"2022-12-06 22:45:00",1943,12.27,8.45,7.9,0.161,6.808
"2022-12-06 23:00:00",1944,12.19,8.47,7.947,0.159,6.824
"2022-12-06 23:15:00",1945,12.19,8.45,7.797,0.158,6.814
"2022-12-06 23:30:00",1946,12.19,8.46,7.796,0.157,6.805
"2022-12-06 23:45:00",1947,12.17,8.31,7.667,0.156,6.801
"2022-12-07 00:00:00",1948,12.23,8.16,7.539,0.155,6.803
"2022-12-07 00:15:00",1949,12.27,8.18,7.665,0.154,6.817
"2022-12-07 00:30:00",1950,11.99,10.24,9.99,0.154,6.832
"2022-12-07 00:45:00",1951,12.13,9.29,8.61,0.153,6.849
"2022-12-07 01:00:00",1952,12.23,9.16,8.35,0.152,6.86
"2022-12-07 01:15:00",1953,12.18,8.87,7.933,0.151,6.841
"2022-12-07 01:30:00",1954,12.27,8.57,7.837,0.151,6.847
"2022-12-07 01:45:00",1955,12.19,8.46,7.823,0.151,6.861
"2022-12-07 02:00:00",1956,12.16,8.57,7.89,0.151,6.857
"2022-12-07 02:15:00",1957,12.18,8.39,7.746,0.15,6.849
"2022-12-07 02:30:00",1958,12.26,8.46,7.896,0.15,6.859
"2022-12-07 02:45:00",1959,12.22,8.52,8.03,0.149,6.882
"2022-12-07 03:00:00",1960,12.16,8.49,8.09,0.149,6.911
"2022-12-07 03:15:00",1961,12.21,8.73,8.47,0.149,6.947
"2022-12-07 03:30:00",1962,12.16,9.01,8.65,0.15,6.986
"2022-12-07 03:45:00",1963,12.18,9.21,8.89,0.149,7.023
"2022-12-07 04:00:00",1964,12.24,9.6,9.34,0.151,7.078
"2022-12-07 04:15:00",1965,12.26,9.81,9.47,0.153,7.136
"2022-12-07 04:30:00",1966,12.26,10.02,9.67,0.155,7.181
"2022-12-07 04:45:00",1967,12.23,10.2,9.84,0.156,7.22
"2022-12-07 05:00:00",1968,12.27,10.4,9.98,0.157,7.254
"2022-12-07 05:15:00",1969,12.25,10.43,9.91,0.158,7.276
"2022-12-07 05:30:00",1970,12.21,10.38,9.82,0.159,7.293
"2022-12-07 05:45:00",1971,12.18,10.37,9.87,0.161,7.315
"2022-12-07 06:00:00",1972,12.18,10.33,9.71,0.162,7.329
"2022-12-07 06:15:00",1973,12.17,10.23,9.61,0.162,7.342
"2022-12-07 06:30:00",1974,12.27,10.16,9.61,0.161,7.36
"2022-12-07 06:45:00",1975,12.25,10.18,9.68,0.159,7.378
"2022-12-07 07:00:00",1976,12.27,10.22,9.77,0.158,7.403
"2022-12-07 07:15:00",1977,12.2,10.28,9.79,0.157,7.43
"2022-12-07 07:30:00",1978,12.25,10.4,9.98,0.157,7.455
"2022-12-07 07:45:00",1979,12.21,10.53,10.11,0.157,7.486
"2022-12-07 08:00:00",1980,12.17,10.69,10.21,0.157,7.523
"2022-12-07 08:15:00",1981,12.16,10.79,10.32,0.158,7.548
"2022-12-07 08:30:00",1982,11.99,12.87,12.73,0.161,7.597
"2022-12-07 08:45:00",1983,12.12,12.06,11.52,0.164,7.647
"2022-12-07 09:00:00",1984,12.17,12.22,11.82,0.167,7.717
"2022-12-07 09:15:00",1985,12.21,12.24,11.64,0.169,7.772
"2022-12-07 09:30:00",1986,12.05,14.27,14.16,0.172,7.84
"2022-12-07 09:45:00",1987,12.24,13.47,12.93,0.175,7.907
"2022-12-07 10:00:00",1988,12.25,13.47,12.94,0.178,7.971
"2022-12-07 10:15:00",1989,12.26,13.43,12.94,0.181,8.04
"2022-12-07 10:30:00",1990,12.32,13.62,13.27,0.181,8.14
"2022-12-07 10:45:00",1991,12.31,13.78,13.48,0.179,8.22
"2022-12-07 11:00:00",1992,12.31,14.11,13.79,0.178,8.29
"2022-12-07 11:15:00",1993,12.34,14.27,13.89,0.177,8.35
"2022-12-07 11:30:00",1994,12.25,14.45,14.12,0.175,8.42
"2022-12-07 11:45:00",1995,12.31,14.88,14.64,0.174,8.53
"2022-12-07 12:00:00",1996,12.37,15.2,14.97,0.172,8.62
"2022-12-07 12:15:00",1997,12.38,15.47,15.19,0.172,8.68
"2022-12-07 12:30:00",1998,12.38,15.8,15.33,0.171,8.78
"2022-12-07 12:45:00",1999,12.37,16.26,15.9,0.171,8.99
"2022-12-07 13:00:00",2000,12.37,16.33,16.02,0.17,9.09
"2022-12-07 13:15:00",2001,12.33,16.54,16.1,0.17,9.13
"2022-12-07 13:30:00",2002,12.08,18.35,18.09,0.169,9.16
"2022-12-07 13:45:00",2003,12.2,17.4,16.81,0.168,9.23
"2022-12-07 14:00:00",2004,12.22,17.35,16.7,0.168,9.29
"2022-12-07 14:15:00",2005,12.26,17.13,16.39,0.167,9.3
"2022-12-07 14:30:00",2006,12.22,16.88,16.23,0.167,9.3
"2022-12-07 14:45:00",2007,12.3,16.95,16.47,0.166,9.33
"2022-12-07 15:00:00",2008,12.34,16.98,16.41,0.166,9.36
"2022-12-07 15:15:00",2009,12.3,16.9,16.36,0.166,9.38
"2022-12-07 15:30:00",2010,12.29,16.8,16.19,0.165,9.39
"2022-12-07 15:45:00",2011,12.26,16.6,15.92,0.165,9.4
"2022-12-07 16:00:00",2012,12.24,16.47,15.72,0.164,9.42
"2022-12-07 16:15:00",2013,12.23,16.21,15.53,0.164,9.44
"2022-12-07 16:30:00",2014,12.28,16.24,15.79,0.164,9.48
"2022-12-07 16:45:00",2015,12.23,16.44,16.03,0.164,9.5
"2022-12-07 17:00:00",2016,12.18,16.5,15.94,0.163,9.51
"2022-12-07 17:15:00",2017,12.2,16.54,16.14,0.163,9.52
"2022-12-07 17:30:00",2018,12.27,16.68,16.18,0.163,9.52
"2022-12-07 17:45:00",2019,12.2,16.7,16.33,0.163,9.55
"2022-12-07 18:00:00",2020,12.18,16.72,15.99,0.162,9.53
"2022-12-07 18:15:00",2021,12.21,16.65,16.01,0.162,9.52
"2022-12-07 18:30:00",2022,12.01,18.64,18.29,0.161,9.55
"2022-12-07 18:45:00",2023,12.26,17.4,16.17,0.161,9.53
"2022-12-07 19:00:00",2024,12.22,16.75,15.69,0.161,9.5
"2022-12-07 19:15:00",2025,12.25,16.66,16.08,0.161,9.53
"2022-12-07 19:30:00",2026,12.18,16.5,15.71,0.16,9.53
"2022-12-07 19:45:00",2027,12.22,16.57,16.1,0.16,9.56
"2022-12-07 20:00:00",2028,12.22,16.49,15.62,0.16,9.55
"2022-12-07 20:15:00",2029,12.23,16.14,15.29,0.16,9.53
"2022-12-07 20:30:00",2030,12.28,15.81,14.92,0.16,9.52
"2022-12-07 20:45:00",2031,12.21,15.47,14.57,0.16,9.51
"2022-12-07 21:00:00",2032,12.25,15.27,14.53,0.159,9.51
"2022-12-07 21:15:00",2033,12.25,15.12,14.17,0.159,9.5
"2022-12-07 21:30:00",2034,12.22,14.6,13.63,0.159,9.47
"2022-12-07 21:45:00",2035,12.27,14.28,13.44,0.159,9.45
"2022-12-07 22:00:00",2036,12.23,14.12,13.41,0.159,9.43
"2022-12-07 22:15:00",2037,12.24,14.03,13.32,0.158,9.41
"2022-12-07 22:30:00",2038,12.19,13.93,13.2,0.158,9.39
"2022-12-07 22:45:00",2039,12.18,13.87,13.24,0.158,9.38
"2022-12-07 23:00:00",2040,12.21,13.88,13.32,0.158,9.39
"2022-12-07 23:15:00",2041,12.18,13.9,13.28,0.158,9.39
"2022-12-07 23:30:00",2042,12.24,13.87,13.24,0.158,9.39
"2022-12-07 23:45:00",2043,12.26,13.89,13.33,0.158,9.39
"2022-12-08 00:00:00",2044,12.25,14.02,13.47,0.157,9.41
"2022-12-08 00:15:00",2045,12.26,14.03,13.42,0.156,9.42
"2022-12-08 00:30:00",2046,12.02,16,15.58,0.157,9.44
"2022-12-08 00:45:00",2047,12.28,14.96,14.37,0.157,9.44
"2022-12-08 01:00:00",2048,12.25,14.94,14.14,0.157,9.45
"2022-12-08 01:15:00",2049,12.24,14.76,14.08,0.156,9.45
"2022-12-08 01:30:00",2050,12.27,14.58,13.68,0.156,9.44
"2022-12-08 01:45:00",2051,12.17,14.07,12.96,0.156,9.41
"2022-12-08 02:00:00",2052,12.15,13.53,12.39,0.156,9.37
"2022-12-08 02:15:00",2053,12.21,12.98,11.86,0.156,9.31
"2022-12-08 02:30:00",2054,12.21,12.55,11.5,0.156,9.26
"2022-12-08 02:45:00",2055,12.21,12.21,11.23,0.156,9.22
"2022-12-08 03:00:00",2056,12.27,11.91,11.1,0.155,9.17
"2022-12-08 03:15:00",2057,12.15,12.05,11.44,0.155,9.16
"2022-12-08 03:30:00",2058,12.23,11.98,11.26,0.155,9.11
"2022-12-08 03:45:00",2059,12.16,12.12,11.81,0.155,9.1
"2022-12-08 04:00:00",2060,12.2,12.33,11.62,0.155,9.09
"2022-12-08 04:15:00",2061,12.27,12.12,11.27,0.154,9.06
"2022-12-08 04:30:00",2062,12.18,11.9,11.12,0.155,9.03
"2022-12-08 04:45:00",2063,12.17,11.82,11.14,0.154,9.02
"2022-12-08 05:00:00",2064,12.18,11.74,10.95,0.154,8.99
"2022-12-08 05:15:00",2065,12.27,11.55,10.67,0.154,8.95
"2022-12-08 05:30:00",2066,12.21,11.25,10.25,0.154,8.91
"2022-12-08 05:45:00",2067,12.23,10.96,9.98,0.153,8.87
"2022-12-08 06:00:00",2068,12.14,10.62,9.61,0.153,8.82
"2022-12-08 06:15:00",2069,12.18,10.31,9.38,0.153,8.76
"2022-12-08 06:30:00",2070,12.27,10.14,9.3,0.153,8.72
"2022-12-08 06:45:00",2071,12.25,10.03,9.21,0.153,8.68
"2022-12-08 07:00:00",2072,12.25,9.87,9.02,0.152,8.63
"2022-12-08 07:15:00",2073,12.12,9.83,8.99,0.153,8.59
"2022-12-08 07:30:00",2074,12.27,9.79,9.02,0.152,8.55
"2022-12-08 07:45:00",2075,12.27,9.84,9.12,0.151,8.52
"2022-12-08 08:00:00",2076,12.27,9.86,9.14,0.152,8.49
"2022-12-08 08:15:00",2077,12.3,9.77,9.05,0.151,8.49
"2022-12-08 08:30:00",2078,12.06,11.87,11.63,0.151,8.53
"2022-12-08 08:45:00",2079,12.23,11.12,10.5,0.151,8.58
"2022-12-08 09:00:00",2080,12.27,11.15,10.38,0.15,8.6
"2022-12-08 09:15:00",2081,12.31,11.18,10.48,0.151,8.62
"2022-12-08 09:30:00",2082,12.09,13.15,12.87,0.151,8.66
"2022-12-08 09:45:00",2083,12.35,12.67,12.47,0.15,8.77
"2022-12-08 10:00:00",2084,12.33,13.16,13.04,0.15,8.93
"2022-12-08 10:15:00",2085,12.26,13.4,12.98,0.15,9.02
"2022-12-08 10:30:00",2086,12.35,13.96,13.72,0.15,9.16
"2022-12-08 10:45:00",2087,12.38,14.36,14.14,0.15,9.33
"2022-12-08 11:00:00",2088,12.39,14.52,13.92,0.15,9.44
"2022-12-08 11:15:00",2089,12.32,14.51,13.94,0.15,9.56
"2022-12-08 11:30:00",2090,12.62,15.61,15.45,0.149,9.8
"2022-12-08 11:45:00",2091,12.45,15.68,15.21,0.149,9.99
"2022-12-08 12:00:00",2092,12.36,15.25,14.36,0.149,9.96
"2022-12-08 12:15:00",2093,12.37,14.81,13.82,0.149,9.93
"2022-12-08 12:30:00",2094,12.4,14.55,13.76,0.149,9.95
"2022-12-08 12:45:00",2095,12.39,14.33,13.49,0.149,9.99
"2022-12-08 13:00:00",2096,12.37,13.91,13.03,0.148,9.96
"2022-12-08 13:15:00",2097,12.27,13.6,12.7,0.148,9.93
"2022-12-08 13:30:00",2098,12.14,15.31,14.78,0.148,9.9
"2022-12-08 13:45:00",2099,12.27,14.23,13.44,0.148,9.88
"2022-12-08 14:00:00",2100,12.3,14,13.02,0.148,9.87
"2022-12-08 14:15:00",2101,12.21,13.74,12.88,0.148,9.85
"2022-12-08 14:30:00",2102,12.29,13.38,12.53,0.148,9.83
"2022-12-08 14:45:00",2103,12.27,13.13,12.34,0.147,9.8
"2022-12-08 15:00:00",2104,12.26,12.95,12.19,0.147,9.77
"2022-12-08 15:15:00",2105,12.21,12.8,12.07,0.147,9.75
"2022-12-08 15:30:00",2106,12.22,12.69,12,0.147,9.73
"2022-12-08 15:45:00",2107,12.22,12.63,11.97,0.147,9.71
"2022-12-08 16:00:00",2108,12.2,12.59,11.93,0.147,9.7
"2022-12-08 16:15:00",2109,12.17,12.57,11.91,0.147,9.68
"2022-12-08 16:30:00",2110,12.18,12.52,11.83,0.146,9.66
"2022-12-08 16:45:00",2111,12.17,12.51,11.78,0.147,9.64
"2022-12-08 17:00:00",2112,12.22,12.22,11.49,0.146,9.62
"2022-12-08 17:15:00",2113,12.2,12.05,11.31,0.146,9.6
"2022-12-08 17:30:00",2114,12.21,11.93,11.23,0.146,9.58
"2022-12-08 17:45:00",2115,12.21,11.83,11.11,0.146,9.56
"2022-12-08 18:00:00",2116,12.19,11.71,11,0.146,9.54
"2022-12-08 18:15:00",2117,12.19,11.62,10.91,0.147,9.52
"2022-12-08 18:30:00",2118,12.1,13.41,12.72,0.148,9.49
"2022-12-08 18:45:00",2119,12.18,12.07,11.1,0.148,9.47
"2022-12-08 19:00:00",2120,12.21,11.72,10.71,0.149,9.44
"2022-12-08 19:15:00",2121,12.24,11.29,10.32,0.149,9.4
"2022-12-08 19:30:00",2122,12.16,11.1,10.23,0.15,9.37
"2022-12-08 19:45:00",2123,12.16,10.67,9.88,0.151,9.34
"2022-12-08 20:00:00",2124,12.22,10.52,9.79,0.152,9.3
"2022-12-08 20:15:00",2125,12.18,10.35,9.63,0.153,9.27
"2022-12-08 20:30:00",2126,12.24,10.25,9.58,0.154,9.25
"2022-12-08 20:45:00",2127,12.19,10.18,9.51,0.155,9.23
"2022-12-08 21:00:00",2128,12.24,10.1,9.43,0.155,9.21
"2022-12-08 21:15:00",2129,12.25,10.03,9.36,0.156,9.19
"2022-12-08 21:30:00",2130,12.23,9.99,9.32,0.156,9.17
"2022-12-08 21:45:00",2131,12.2,9.96,9.31,0.156,9.15
"2022-12-08 22:00:00",2132,12.16,9.95,9.32,0.155,9.13
"2022-12-08 22:15:00",2133,12.18,9.89,9.22,0.155,9.1
"2022-12-08 22:30:00",2134,12.23,9.82,9.17,0.155,9.08
"2022-12-08 22:45:00",2135,12.22,9.8,9.14,0.155,9.06
"2022-12-08 23:00:00",2136,12.24,9.75,9.04,0.155,9.04
"2022-12-08 23:15:00",2137,12.19,9.8,9.12,0.155,9.02
"2022-12-08 23:30:00",2138,12.24,9.61,8.95,0.155,9
"2022-12-08 23:45:00",2139,12.22,9.54,8.88,0.156,8.98
"2022-12-09 00:00:00",2140,12.21,9.51,8.86,0.157,8.96
"2022-12-09 00:15:00",2141,12.17,9.44,8.75,0.159,8.94
"2022-12-09 00:30:00",2142,12.01,11.33,10.87,0.159,8.91
"2022-12-09 00:45:00",2143,12.23,10.23,9.35,0.16,8.9
"2022-12-09 01:00:00",2144,12.15,10.02,9.09,0.16,8.88
"2022-12-09 01:15:00",2145,12.18,9.82,8.92,0.16,8.85
"2022-12-09 01:30:00",2146,12.25,9.39,8.52,0.161,8.81
"2022-12-09 01:45:00",2147,12.22,9.15,8.35,0.162,8.79
"2022-12-09 02:00:00",2148,12.18,8.96,8.23,0.162,8.76
"2022-12-09 02:15:00",2149,12.23,8.84,8.08,0.162,8.73
"2022-12-09 02:30:00",2150,12.17,8.67,7.893,0.163,8.71
"2022-12-09 02:45:00",2151,12.15,8.49,7.733,0.164,8.67
"2022-12-09 03:00:00",2152,12.24,8.5,7.779,0.165,8.65
"2022-12-09 03:15:00",2153,12.27,8.41,7.676,0.166,8.62
"2022-12-09 03:30:00",2154,12.22,8.2,7.533,0.166,8.59
"2022-12-09 03:45:00",2155,12.27,8.15,7.474,0.166,8.56
"2022-12-09 04:00:00",2156,12.22,8.05,7.364,0.167,8.51
"2022-12-09 04:15:00",2157,12.26,7.999,7.326,0.167,8.49
"2022-12-09 04:30:00",2158,12.17,7.936,7.25,0.167,8.47
"2022-12-09 04:45:00",2159,12.15,7.86,7.106,0.167,8.45
"2022-12-09 05:00:00",2160,12.18,7.675,6.877,0.167,8.41
"2022-12-09 05:15:00",2161,12.17,7.53,6.785,0.168,8.38
"2022-12-09 05:30:00",2162,12.23,7.347,6.521,0.169,8.33
"2022-12-09 05:45:00",2163,12.25,7.09,6.233,0.169,8.28
"2022-12-09 06:00:00",2164,12.22,6.963,6.164,0.169,8.23
"2022-12-09 06:15:00",2165,12.19,6.732,5.983,0.167,8.21
"2022-12-09 06:30:00",2166,12.17,6.623,5.916,0.167,8.17
"2022-12-09 06:45:00",2167,12.23,6.577,5.89,0.166,8.13
"2022-12-09 07:00:00",2168,12.25,6.557,5.874,0.165,8.1
"2022-12-09 07:15:00",2169,12.15,6.516,5.827,0.164,8.08
"2022-12-09 07:30:00",2170,12.2,6.525,5.875,0.164,8.05
"2022-12-09 07:45:00",2171,12.16,6.587,5.938,0.163,8.02
"2022-12-09 08:00:00",2172,12.25,6.63,5.989,0.162,8.01
"2022-12-09 08:15:00",2173,12.21,6.678,6.069,0.161,7.999
"2022-12-09 08:30:00",2174,12.07,8.75,8.35,0.161,7.995
"2022-12-09 08:45:00",2175,12.14,7.755,6.88,0.161,7.987
"2022-12-09 09:00:00",2176,12.2,7.61,6.713,0.16,7.987
"2022-12-09 09:15:00",2177,12.26,7.425,6.655,0.159,7.994
"2022-12-09 09:30:00",2178,12.03,9.31,8.84,0.159,8.01
"2022-12-09 09:45:00",2179,12.29,8.41,7.588,0.159,8.03
"2022-12-09 10:00:00",2180,12.25,8.15,7.358,0.158,8.07
"2022-12-09 10:15:00",2181,12.21,8.12,7.438,0.157,8.11
"2022-12-09 10:30:00",2182,12.18,8,7.307,0.157,8.12
"2022-12-09 10:45:00",2183,12.34,7.974,7.306,0.157,8.14
"2022-12-09 11:00:00",2184,12.24,7.963,7.302,0.157,8.17
"2022-12-09 11:15:00",2185,12.29,7.974,7.326,0.156,8.2
"2022-12-09 11:30:00",2186,12.27,8.03,7.427,0.156,8.24
"2022-12-09 11:45:00",2187,12.22,8.15,7.653,0.156,8.27
"2022-12-09 12:00:00",2188,12.27,8.3,7.748,0.155,8.3
"2022-12-09 12:15:00",2189,12.28,8.48,7.969,0.155,8.35
"2022-12-09 12:30:00",2190,12.27,8.61,8.12,0.155,8.38
"2022-12-09 12:45:00",2191,12.35,8.73,8.24,0.154,8.4
"2022-12-09 13:00:00",2192,12.39,9.03,8.59,0.154,8.46
"2022-12-09 13:15:00",2193,12.28,9.18,8.75,0.154,8.52
"2022-12-09 13:30:00",2194,12.04,11.26,10.99,0.154,8.55
"2022-12-09 13:45:00",2195,12.28,10.11,9.4,0.153,8.55
"2022-12-09 14:00:00",2196,12.29,9.88,9.01,0.153,8.54
"2022-12-09 14:15:00",2197,12.34,9.79,8.92,0.153,8.54
"2022-12-09 14:30:00",2198,12.33,9.35,8.59,0.153,8.54
"2022-12-09 14:45:00",2199,12.23,9.15,8.44,0.153,8.52
"2022-12-09 15:00:00",2200,12.3,9.04,8.36,0.153,8.51
"2022-12-09 15:15:00",2201,12.19,8.95,8.31,0.152,8.5
"2022-12-09 15:30:00",2202,12.24,8.84,8.17,0.152,8.47
"2022-12-09 15:45:00",2203,12.24,8.74,8.05,0.152,8.44
"2022-12-09 16:00:00",2204,12.2,8.7,8.02,0.152,8.42
"2022-12-09 16:15:00",2205,12.18,8.56,7.823,0.152,8.38
"2022-12-09 16:30:00",2206,12.17,8.42,7.687,0.152,8.34
"2022-12-09 16:45:00",2207,12.17,8.36,7.624,0.152,8.3
"2022-12-09 17:00:00",2208,12.15,8.09,7.382,0.151,8.27
"2022-12-09 17:15:00",2209,12.26,7.961,7.282,0.151,8.24
"2022-12-09 17:30:00",2210,12.23,7.897,7.238,0.151,8.21
"2022-12-09 17:45:00",2211,12.17,7.831,7.168,0.151,8.18
"2022-12-09 18:00:00",2212,12.26,7.78,7.144,0.151,8.15
"2022-12-09 18:15:00",2213,12.23,7.734,7.101,0.15,8.13
"2022-12-09 18:30:00",2214,12.02,9.67,9.25,0.151,8.1
"2022-12-09 18:45:00",2215,12.26,8.61,7.75,0.15,8.08
"2022-12-09 19:00:00",2216,12.13,8.42,7.489,0.151,8.06
"2022-12-09 19:15:00",2217,12.24,8.12,7.25,0.15,8.04
"2022-12-09 19:30:00",2218,12.13,7.88,7.073,0.15,8.02
"2022-12-09 19:45:00",2219,12.19,7.703,6.94,0.15,7.995
"2022-12-09 20:00:00",2220,12.18,7.518,6.768,0.15,7.967
"2022-12-09 20:15:00",2221,12.21,7.384,6.676,0.15,7.932
"2022-12-09 20:30:00",2222,12.12,7.273,6.562,0.15,7.91
"2022-12-09 20:45:00",2223,12.24,7.169,6.47,0.15,7.89
"2022-12-09 21:00:00",2224,12.17,7.174,6.474,0.15,7.873
"2022-12-09 21:15:00",2225,12.21,7.061,6.377,0.149,7.845
"2022-12-09 21:30:00",2226,12.23,7.098,6.419,0.149,7.829
"2022-12-09 21:45:00",2227,12.21,6.86,6.178,0.149,7.803
"2022-12-09 22:00:00",2228,12.13,6.79,6.088,0.149,7.779
"2022-12-09 22:15:00",2229,12.23,6.692,6.008,0.149,7.748
"2022-12-09 22:30:00",2230,12.22,6.639,5.98,0.148,7.719
"2022-12-09 22:45:00",2231,12.26,6.609,5.95,0.149,7.695
"2022-12-09 23:00:00",2232,12.14,6.552,5.899,0.149,7.665
"2022-12-09 23:15:00",2233,12.22,6.522,5.891,0.149,7.645
"2022-12-09 23:30:00",2234,12.2,6.499,5.865,0.148,7.61
"2022-12-09 23:45:00",2235,12.18,6.491,5.856,0.148,7.585
"2022-12-10 00:00:00",2236,12.17,6.459,5.815,0.148,7.556
"2022-12-10 00:15:00",2237,12.24,6.428,5.729,0.148,7.528
"2022-12-10 00:30:00",2238,12.03,8.28,7.678,0.148,7.507
"2022-12-10 00:45:00",2239,12.21,7.076,5.973,0.148,7.48
"2022-12-10 01:00:00",2240,12.14,6.659,5.535,0.148,7.458
"2022-12-10 01:15:00",2241,12.14,6.28,5.329,0.148,7.429
"2022-12-10 01:30:00",2242,12.25,6.057,5.224,0.148,7.409
"2022-12-10 01:45:00",2243,12.22,5.911,5.101,0.148,7.384
"2022-12-10 02:00:00",2244,12.21,5.788,5.04,0.149,7.361
"2022-12-10 02:15:00",2245,12.15,5.737,5.04,0.148,7.346
"2022-12-10 02:30:00",2246,12.15,5.707,5.009,0.149,7.33
"2022-12-10 02:45:00",2247,12.19,5.779,5.032,0.149,7.295
"2022-12-10 03:00:00",2248,12.19,5.564,4.83,0.148,7.276
"2022-12-10 03:15:00",2249,12.18,5.491,4.788,0.148,7.254
"2022-12-10 03:30:00",2250,12.21,5.464,4.802,0.148,7.237
"2022-12-10 03:45:00",2251,12.22,5.449,4.782,0.148,7.222
"2022-12-10 04:00:00",2252,12.21,5.46,4.81,0.147,7.213
"2022-12-10 04:15:00",2253,12.13,5.473,4.811,0.147,7.201
"2022-12-10 04:30:00",2254,12.15,5.459,4.789,0.147,7.18
"2022-12-10 04:45:00",2255,12.18,5.442,4.768,0.147,7.166
"2022-12-10 05:00:00",2256,12.16,5.398,4.656,0.146,7.149
"2022-12-10 05:15:00",2257,12.17,5.248,4.478,0.147,7.119
"2022-12-10 05:30:00",2258,12.17,5.122,4.378,0.147,7.097
"2022-12-10 05:45:00",2259,12.14,5.006,4.282,0.148,7.077
"2022-12-10 06:00:00",2260,12.24,4.93,4.217,0.147,7.061
"2022-12-10 06:15:00",2261,12.16,4.889,4.2,0.147,7.043
"2022-12-10 06:30:00",2262,12.21,4.836,4.132,0.148,7.019
"2022-12-10 06:45:00",2263,12.25,4.774,4.099,0.148,7.003
"2022-12-10 07:00:00",2264,12.22,4.738,4.077,0.149,6.991
"2022-12-10 07:15:00",2265,12.15,4.732,4.089,0.149,6.979
"2022-12-10 07:30:00",2266,12.15,4.733,4.068,0.149,6.956
"2022-12-10 07:45:00",2267,12.23,4.758,4.055,0.149,6.938
"2022-12-10 08:00:00",2268,12.17,4.716,4.036,0.149,6.916
"2022-12-10 08:15:00",2269,12.2,4.722,4.069,0.148,6.903
"2022-12-10 08:30:00",2270,12.07,6.693,6.183,0.148,6.897
"2022-12-10 08:45:00",2271,12.16,5.815,5.018,0.147,6.911
"2022-12-10 09:00:00",2272,12.15,5.742,4.978,0.147,6.936
"2022-12-10 09:15:00",2273,12.25,5.463,4.687,0.147,6.935
"2022-12-10 09:30:00",2274,12.05,7.342,6.836,0.146,6.96
"2022-12-10 09:45:00",2275,12.26,6.256,5.505,0.146,6.996
"2022-12-10 10:00:00",2276,12.28,6.192,5.388,0.146,7.037
"2022-12-10 10:15:00",2277,12.3,6.156,5.395,0.145,7.074
"2022-12-10 10:30:00",2278,12.25,6.119,5.482,0.145,7.125
"2022-12-10 10:45:00",2279,12.24,6.169,5.571,0.145,7.17
"2022-12-10 11:00:00",2280,12.29,6.208,5.595,0.144,7.214
"2022-12-10 11:15:00",2281,12.3,6.193,5.604,0.144,7.232
"2022-12-10 11:30:00",2282,12.25,6.262,5.652,0.144,7.25
"2022-12-10 11:45:00",2283,12.36,6.399,5.87,0.144,7.295
"2022-12-10 12:00:00",2284,12.31,6.506,5.984,0.144,7.326
"2022-12-10 12:15:00",2285,12.25,6.636,6.137,0.144,7.359
"2022-12-10 12:30:00",2286,12.34,6.762,6.287,0.144,7.387
"2022-12-10 12:45:00",2287,12.27,6.872,6.403,0.143,7.405
"2022-12-10 13:00:00",2288,12.3,7.009,6.497,0.143,7.423
"2022-12-10 13:15:00",2289,12.29,7.101,6.557,0.144,7.463
"2022-12-10 13:30:00",2290,12.11,9.13,8.94,0.143,7.494
"2022-12-10 13:45:00",2291,12.2,8.04,7.22,0.143,7.482
"2022-12-10 14:00:00",2292,12.23,7.825,7.03,0.143,7.479
"2022-12-10 14:15:00",2293,12.23,7.64,6.85,0.143,7.474
"2022-12-10 14:30:00",2294,12.21,7.434,6.742,0.142,7.478
"2022-12-10 14:45:00",2295,12.27,7.288,6.605,0.142,7.469
"2022-12-10 15:00:00",2296,12.26,7.212,6.58,0.142,7.457
"2022-12-10 15:15:00",2297,12.23,7.087,6.423,0.142,7.44
"2022-12-10 15:30:00",2298,12.28,7.157,6.472,0.142,7.41
"2022-12-10 15:45:00",2299,12.29,6.876,6.216,0.142,7.379
"2022-12-10 16:00:00",2300,12.24,6.771,6.101,0.142,7.347
"2022-12-10 16:15:00",2301,12.17,6.673,6.026,0.142,7.322
"2022-12-10 16:30:00",2302,12.19,6.575,5.877,0.142,7.272
"2022-12-10 16:45:00",2303,12.13,6.475,5.799,0.142,7.239
"2022-12-10 17:00:00",2304,12.14,6.336,5.659,0.142,7.203
"2022-12-10 17:15:00",2305,12.14,6.214,5.541,0.142,7.174
"2022-12-10 17:30:00",2306,12.21,6.119,5.465,0.141,7.145
"2022-12-10 17:45:00",2307,12.13,6.069,5.431,0.141,7.123
"2022-12-10 18:00:00",2308,12.21,6.02,5.387,0.141,7.103
"2022-12-10 18:15:00",2309,12.18,5.993,5.371,0.141,7.082
"2022-12-10 18:30:00",2310,12.01,7.96,7.573,0.141,7.054
"2022-12-10 18:45:00",2311,12.14,6.906,6.08,0.14,7.03
"2022-12-10 19:00:00",2312,12.14,6.69,5.812,0.141,7.007
"2022-12-10 19:15:00",2313,12.19,6.435,5.611,0.14,6.982
"2022-12-10 19:30:00",2314,12.14,6.24,5.502,0.14,6.963
"2022-12-10 19:45:00",2315,12.16,6.097,5.39,0.141,6.944
"2022-12-10 20:00:00",2316,12.18,5.986,5.308,0.14,6.933
"2022-12-10 20:15:00",2317,12.14,5.91,5.257,0.14,6.921
"2022-12-10 20:30:00",2318,12.2,5.862,5.216,0.14,6.895
"2022-12-10 20:45:00",2319,12.25,5.821,5.206,0.14,6.879
"2022-12-10 21:00:00",2320,12.2,5.769,5.129,0.14,6.863
"2022-12-10 21:15:00",2321,12.12,5.723,5.088,0.14,6.832
"2022-12-10 21:30:00",2322,12.18,5.85,5.206,0.14,6.8
"2022-12-10 21:45:00",2323,12.22,5.797,5.15,0.139,6.783
"2022-12-10 22:00:00",2324,12.14,5.763,5.12,0.139,6.765
"2022-12-10 22:15:00",2325,12.12,5.532,4.892,0.139,6.742
"2022-12-10 22:30:00",2326,12.18,5.498,4.857,0.14,6.727
"2022-12-10 22:45:00",2327,12.22,5.444,4.805,0.139,6.71
"2022-12-10 23:00:00",2328,12.12,5.399,4.761,0.139,6.692
"2022-12-10 23:15:00",2329,12.24,5.367,4.732,0.139,6.679
"2022-12-10 23:30:00",2330,12.25,5.346,4.716,0.139,6.674
"2022-12-10 23:45:00",2331,12.23,5.349,4.737,0.139,6.667
"2022-12-11 00:00:00",2332,12.17,5.327,4.721,0.138,6.651
"2022-12-11 00:15:00",2333,12.13,5.313,4.702,0.138,6.639
"2022-12-11 00:30:00",2334,12.01,7.316,6.935,0.138,6.626
"2022-12-11 00:45:00",2335,12.12,6.258,5.425,0.138,6.609
"2022-12-11 01:00:00",2336,12.2,6.079,5.156,0.138,6.596
"2022-12-11 01:15:00",2337,12.23,5.824,4.991,0.138,6.584
"2022-12-11 01:30:00",2338,12.15,5.707,4.957,0.138,6.574
"2022-12-11 01:45:00",2339,12.22,5.492,4.762,0.138,6.555
"2022-12-11 02:00:00",2340,12.21,5.373,4.681,0.138,6.537
"2022-12-11 02:15:00",2341,12.23,5.3,4.648,0.137,6.521
"2022-12-11 02:30:00",2342,12.22,5.254,4.598,0.137,6.507
"2022-12-11 02:45:00",2343,12.15,5.212,4.574,0.137,6.501
"2022-12-11 03:00:00",2344,12.18,5.167,4.526,0.137,6.486
"2022-12-11 03:15:00",2345,12.2,5.141,4.524,0.137,6.476
"2022-12-11 03:30:00",2346,12.21,5.094,4.332,0.137,6.464
"2022-12-11 03:45:00",2347,12.23,4.938,4.146,0.137,6.448
"2022-12-11 04:00:00",2348,12.15,4.752,3.973,0.137,6.432
"2022-12-11 04:15:00",2349,12.22,4.652,3.925,0.137,6.42
"2022-12-11 04:30:00",2350,12.22,4.554,3.848,0.137,6.409
"2022-12-11 04:45:00",2351,12.13,4.51,3.829,0.137,6.401
"2022-12-11 05:00:00",2352,12.22,4.466,3.768,0.137,6.381
"2022-12-11 05:15:00",2353,12.13,4.387,3.661,0.137,6.365
"2022-12-11 05:30:00",2354,12.16,4.445,3.728,0.137,6.35
"2022-12-11 05:45:00",2355,12.2,4.401,3.698,0.137,6.332
"2022-12-11 06:00:00",2356,12.22,4.364,3.676,0.138,6.322
"2022-12-11 06:15:00",2357,12.21,4.359,3.688,0.137,6.31
"2022-12-11 06:30:00",2358,12.14,4.197,3.543,0.137,6.296
"2022-12-11 06:45:00",2359,12.14,4.194,3.566,0.137,6.286
"2022-12-11 07:00:00",2360,12.21,4.193,3.562,0.137,6.272
"2022-12-11 07:15:00",2361,12.16,4.179,3.51,0.137,6.255
"2022-12-11 07:30:00",2362,12.18,4.222,3.562,0.136,6.241
"2022-12-11 07:45:00",2363,12.23,4.428,3.787,0.136,6.236
"2022-12-11 08:00:00",2364,12.24,4.356,3.73,0.136,6.235
"2022-12-11 08:15:00",2365,12.19,4.44,3.872,0.136,6.246
"2022-12-11 08:30:00",2366,12,6.554,6.277,0.135,6.265
"2022-12-11 08:45:00",2367,12.21,5.765,5.139,0.136,6.291
"2022-12-11 09:00:00",2368,12.2,5.778,5.056,0.135,6.311
"2022-12-11 09:15:00",2369,12.2,5.741,5.065,0.135,6.344
"2022-12-11 09:30:00",2370,12.04,7.771,7.437,0.135,6.39
"2022-12-11 09:45:00",2371,12.28,6.893,6.189,0.135,6.44
"2022-12-11 10:00:00",2372,12.31,6.911,6.131,0.134,6.491
"2022-12-11 10:15:00",2373,12.24,6.866,6.134,0.135,6.533
"2022-12-11 10:30:00",2374,12.25,6.907,6.303,0.134,6.584
"2022-12-11 10:45:00",2375,12.38,7.204,6.72,0.134,6.64
"2022-12-11 11:00:00",2376,12.38,7.483,7.087,0.134,6.74
"2022-12-11 11:15:00",2377,12.45,8.22,7.898,0.134,6.861
"2022-12-11 11:30:00",2378,12.44,8.45,8.04,0.134,6.919
"2022-12-11 11:45:00",2379,12.36,8.66,8.28,0.134,6.984
"2022-12-11 12:00:00",2380,12.42,9.04,8.56,0.134,7.06
"2022-12-11 12:15:00",2381,12.41,9,8.6,0.134,7.122
"2022-12-11 12:30:00",2382,12.54,9.89,9.67,0.134,7.233
"2022-12-11 12:45:00",2383,12.49,10.15,9.89,0.134,7.343
"2022-12-11 13:00:00",2384,12.71,11.56,10.98,0.133,7.452
"2022-12-11 13:15:00",2385,12.6,11.36,10.86,0.133,7.584
"2022-12-11 13:30:00",2386,12.31,13.05,12.78,0.133,7.68
"2022-12-11 13:45:00",2387,12.46,12.1,11.6,0.133,7.746
"2022-12-11 14:00:00",2388,12.41,11.78,11.05,0.133,7.775
"2022-12-11 14:15:00",2389,12.37,11.43,10.71,0.133,7.799
"2022-12-11 14:30:00",2390,12.41,11.21,10.45,0.133,7.803
"2022-12-11 14:45:00",2391,12.47,10.95,10.3,0.133,7.813
"2022-12-11 15:00:00",2392,12.46,10.82,10.11,0.133,7.803
"2022-12-11 15:15:00",2393,12.36,10.54,9.89,0.133,7.797
"2022-12-11 15:30:00",2394,12.37,10.44,9.9,0.133,7.808
"2022-12-11 15:45:00",2395,12.33,10.39,9.86,0.133,7.805
"2022-12-11 16:00:00",2396,12.3,10.33,9.78,0.133,7.799
"2022-12-11 16:15:00",2397,12.29,10.2,9.58,0.133,7.779
"2022-12-11 16:30:00",2398,12.35,10.09,9.42,0.133,7.758
"2022-12-11 16:45:00",2399,12.34,9.85,9.02,0.132,7.72
"2022-12-11 17:00:00",2400,12.33,9.56,8.78,0.132,7.69
"2022-12-11 17:15:00",2401,12.33,9.26,8.41,0.132,7.655
"2022-12-11 17:30:00",2402,12.21,8.97,8.14,0.132,7.613
"2022-12-11 17:45:00",2403,12.28,8.64,7.611,0.133,7.551
"2022-12-11 18:00:00",2404,12.28,8.3,7.351,0.132,7.487
"2022-12-11 18:15:00",2405,12.29,7.873,6.817,0.133,7.426
"2022-12-11 18:30:00",2406,12.05,9.41,8.55,0.132,7.348
"2022-12-11 18:45:00",2407,12.18,8.02,6.859,0.132,7.285
"2022-12-11 19:00:00",2408,12.15,7.6,6.367,0.131,7.229
"2022-12-11 19:15:00",2409,12.15,7.089,5.906,0.132,7.165
"2022-12-11 19:30:00",2410,12.25,6.645,5.531,0.131,7.099
"2022-12-11 19:45:00",2411,12.27,6.321,5.472,0.131,7.035
"2022-12-11 20:00:00",2412,12.18,6.421,6.041,0.131,6.99
"2022-12-11 20:15:00",2413,12.25,6.885,6.584,0.131,6.98
"2022-12-11 20:30:00",2414,12.25,7.088,6.487,0.131,6.952
"2022-12-11 20:45:00",2415,12.24,7,6.043,0.131,6.904
"2022-12-11 21:00:00",2416,12.16,6.509,5.462,0.131,6.852
"2022-12-11 21:15:00",2417,12.14,6.105,5.101,0.131,6.795
"2022-12-11 21:30:00",2418,12.2,5.823,4.867,0.131,6.734
"2022-12-11 21:45:00",2419,12.26,5.659,4.812,0.131,6.667
"2022-12-11 22:00:00",2420,12.15,5.549,4.919,0.13,6.614
"2022-12-11 22:15:00",2421,12.16,5.571,4.824,0.13,6.567
"2022-12-11 22:30:00",2422,12.22,5.372,4.448,0.131,6.502
"2022-12-11 22:45:00",2423,12.24,5.102,4.147,0.13,6.441
"2022-12-11 23:00:00",2424,12.17,4.83,3.88,0.13,6.383
"2022-12-11 23:15:00",2425,12.14,4.611,3.702,0.13,6.34
"2022-12-11 23:30:00",2426,12.17,4.458,3.568,0.13,6.284
"2022-12-11 23:45:00",2427,12.17,4.442,3.566,0.13,6.219
"2022-12-12 00:00:00",2428,12.18,4.04,3.115,0.13,6.154
"2022-12-12 00:15:00",2429,12.15,3.849,3.003,0.13,6.098
"2022-12-12 00:30:00",2430,12.02,5.885,5.384,0.13,6.058
"2022-12-12 00:45:00",2431,12.11,4.978,4.452,0.129,6.02
"2022-12-12 01:00:00",2432,12.12,5.313,4.794,0.13,5.986
"2022-12-12 01:15:00",2433,12.15,5.414,4.663,0.13,5.961
"2022-12-12 01:30:00",2434,12.22,5.183,4.255,0.13,5.924
"2022-12-12 01:45:00",2435,12.18,4.964,4.099,0.129,5.891
"2022-12-12 02:00:00",2436,12.14,4.878,4.26,0.129,5.848
"2022-12-12 02:15:00",2437,12.22,5.033,4.553,0.129,5.785
"2022-12-12 02:30:00",2438,12.14,5.149,4.514,0.129,5.724
"2022-12-12 02:45:00",2439,12.2,5.214,4.687,0.129,5.687
"2022-12-12 03:00:00",2440,12.18,5.285,4.657,0.129,5.649
"2022-12-12 03:15:00",2441,12.24,5.303,4.709,0.129,5.625
"2022-12-12 03:30:00",2442,12.23,5.294,4.578,0.129,5.583
"2022-12-12 03:45:00",2443,12.22,5.257,4.641,0.129,5.536
"2022-12-12 04:00:00",2444,12.17,5.224,4.465,0.128,5.49
"2022-12-12 04:15:00",2445,12.16,5.149,4.582,0.129,5.448
"2022-12-12 04:30:00",2446,12.21,5.042,4.22,0.128,5.406
"2022-12-12 04:45:00",2447,12.13,4.823,4.001,0.128,5.382
"2022-12-12 05:00:00",2448,12.18,4.691,3.894,0.128,5.375
"2022-12-12 05:15:00",2449,12.22,4.497,3.656,0.128,5.343
"2022-12-12 05:30:00",2450,12.15,4.332,3.456,0.128,5.308
"2022-12-12 05:45:00",2451,12.12,4.114,3.257,0.128,5.271
"2022-12-12 06:00:00",2452,12.15,3.931,3.066,0.128,5.231
"2022-12-12 06:15:00",2453,12.19,3.736,2.967,0.128,5.19
"2022-12-12 06:30:00",2454,12.14,3.707,2.959,0.127,5.157
"2022-12-12 06:45:00",2455,12.2,3.616,2.927,0.128,5.119
"2022-12-12 07:00:00",2456,12.11,3.714,3.115,0.128,5.084
"2022-12-12 07:15:00",2457,12.21,3.72,2.95,0.127,5.054
"2022-12-12 07:30:00",2458,12.16,3.626,2.703,0.128,5.037
"2022-12-12 07:45:00",2459,12.18,3.428,2.503,0.128,5.012
"2022-12-12 08:00:00",2460,12.15,3.192,2.193,0.127,4.992
"2022-12-12 08:15:00",2461,12.2,3.149,2.246,0.127,4.97
"2022-12-12 08:30:00",2462,12,4.791,4.02,0.127,4.95
"2022-12-12 08:45:00",2463,12.13,3.598,2.616,0.127,4.938
"2022-12-12 09:00:00",2464,12.25,3.486,2.723,0.127,4.939
"2022-12-12 09:15:00",2465,12.24,3.636,3.154,0.127,4.962
"2022-12-12 09:30:00",2466,11.98,5.94,5.648,0.127,4.997
"2022-12-12 09:45:00",2467,12.09,5.083,4.618,0.127,5.039
"2022-12-12 10:00:00",2468,12.2,5.261,4.703,0.126,5.074
"2022-12-12 10:15:00",2469,12.18,5.387,4.859,0.126,5.101
"2022-12-12 10:30:00",2470,12.18,5.59,5.229,0.127,5.156
"2022-12-12 10:45:00",2471,13.99,6.481,6.253,0.127,5.204
"2022-12-12 11:00:00",2472,12.33,7.529,9.77,0.126,5.382
