"TOA5","CR310_FCRWeir","CR300","5318","CR310.Std.08.01","CPU:CR310_20190422.CR300","472","FCRWeir"
"TIMESTAMP","RECORD","BattV","PTemp_C","AirTemp_C","Lvl_psi","wtr_weir"
"TS","RN","Volts","Deg C","Deg C","psi","deg C"
"","","Smp","Smp","Smp","Smp","Smp"
"2020-06-12 12:30:00",40009,12.42,27.11,26.69,0.478,22.77
"2020-06-12 12:45:00",40010,12.42,27.1,26.7,0.478,22.86
"2020-06-12 13:00:00",40011,12.69,30.88,30.14,0.478,22.94
"2020-06-12 13:15:00",40012,12.48,27.81,27.14,0.478,23.03
"2020-06-12 13:30:00",40013,12.45,27.35,26.94,0.478,23.09
"2020-06-12 13:45:00",40014,12.4,27.04,26.72,0.478,23.16
"2020-06-12 14:00:00",40015,12.49,27,26.72,0.478,23.19
"2020-06-12 14:15:00",40016,12.49,26.76,26.24,0.476,23.12
"2020-06-12 14:30:00",40017,12.49,26.69,26.46,0.477,23.17
"2020-06-12 14:45:00",40018,12.44,26.72,26.44,0.476,23.17
"2020-06-12 15:00:00",40019,12.38,26.72,26.43,0.478,23.17
"2020-06-12 15:15:00",40020,12.36,26.42,25.93,0.478,23.15
"2020-06-12 15:30:00",40021,12.3,26.27,26,0.478,23.18
"2020-06-12 15:45:00",40022,12.4,26.04,25.56,0.477,23.16
"2020-06-12 16:00:00",40023,12.37,25.89,25.4,0.477,23.17
"2020-06-12 16:15:00",40024,12.39,25.44,24.93,0.478,23.18
"2020-06-12 16:30:00",40025,12.42,25.2,24.8,0.478,23.2
"2020-06-12 16:45:00",40026,12.39,25.12,24.81,0.478,23.23
"2020-06-12 17:00:00",40027,12.33,25.19,24.92,0.477,23.24
"2020-06-12 17:15:00",40028,12.31,25.13,24.77,0.478,23.24
"2020-06-12 17:30:00",40029,12.29,24.99,24.54,0.477,23.22
"2020-06-12 17:45:00",40030,12.3,24.71,24.19,0.477,23.19
"2020-06-12 18:00:00",40031,12.38,24.53,23.98,0.477,23.17
"2020-06-12 18:15:00",40032,12.36,24.05,23.52,0.478,23.16
"2020-06-12 18:30:00",40033,12.3,23.78,23.27,0.478,23.13
"2020-06-12 18:45:00",40034,12.33,23.47,22.88,0.478,23.09
"2020-06-12 19:00:00",40035,12.36,23.07,22.45,0.477,23.04
"2020-06-12 19:15:00",40036,12.26,22.57,21.89,0.477,22.99
"2020-06-12 19:30:00",40037,12.35,22.09,21.4,0.477,22.93
"2020-06-12 19:45:00",40038,12.33,21.77,21.1,0.478,22.87
"2020-06-12 20:00:00",40039,12.33,21.19,20.53,0.477,22.79
"2020-06-12 20:15:00",40040,12.26,20.79,20.14,0.477,22.71
"2020-06-12 20:30:00",40041,12.32,20.43,19.75,0.477,22.64
"2020-06-12 20:45:00",40042,12.28,20.04,19.41,0.477,22.59
"2020-06-12 21:00:00",40043,12.29,19.73,19.13,0.477,22.54
"2020-06-12 21:15:00",40044,12.34,19.47,18.88,0.477,22.51
"2020-06-12 21:30:00",40045,12.3,19.27,18.76,0.477,22.49
"2020-06-12 21:45:00",40046,12.26,19.18,18.72,0.477,22.49
"2020-06-12 22:00:00",40047,12.31,19.17,18.75,0.477,22.48
"2020-06-12 22:15:00",40048,12.24,19.23,18.93,0.477,22.46
"2020-06-12 22:30:00",40049,12.24,19.48,19.3,0.477,22.44
"2020-06-12 22:45:00",40050,12.33,19.88,19.72,0.478,22.42
"2020-06-12 23:00:00",40051,12.34,20.22,20.08,0.477,22.4
"2020-06-12 23:15:00",40052,12.25,20.5,20.25,0.477,22.38
"2020-06-12 23:30:00",40053,12.24,20.61,20.27,0.477,22.35
"2020-06-12 23:45:00",40054,12.26,20.65,20.3,0.477,22.33
"2020-06-13 00:00:00",40055,12.25,20.68,20.32,0.477,22.31
"2020-06-13 00:15:00",40056,12.3,20.64,20.24,0.478,22.27
"2020-06-13 00:30:00",40057,12.24,20.55,20.12,0.476,22.24
"2020-06-13 00:45:00",40058,12.32,20.48,20.03,0.477,22.2
"2020-06-13 01:00:00",40059,12.34,20.48,20.01,0.478,22.16
"2020-06-13 01:15:00",40060,12.33,20.2,19.73,0.477,22.12
"2020-06-13 01:30:00",40061,12.25,20.07,19.6,0.477,22.07
"2020-06-13 01:45:00",40062,12.31,19.96,19.55,0.477,22.03
"2020-06-13 02:00:00",40063,12.3,19.91,19.5,0.478,21.98
"2020-06-13 02:15:00",40064,12.31,19.87,19.47,0.477,21.94
"2020-06-13 02:30:00",40065,12.26,19.89,19.51,0.478,21.9
"2020-06-13 02:45:00",40066,12.22,19.88,19.43,0.478,21.84
"2020-06-13 03:00:00",40067,12.23,19.73,19.21,0.477,21.76
"2020-06-13 03:15:00",40068,12.24,19.52,19.02,0.477,21.7
"2020-06-13 03:30:00",40069,12.24,19.38,18.95,0.477,21.67
"2020-06-13 03:45:00",40070,12.23,19.38,19.02,0.477,21.66
"2020-06-13 04:00:00",40071,12.25,19.45,19.1,0.478,21.66
"2020-06-13 04:15:00",40072,12.24,19.4,18.91,0.478,21.64
"2020-06-13 04:30:00",40073,12.3,19.2,18.66,0.477,21.61
"2020-06-13 04:45:00",40074,12.3,19.13,18.61,0.478,21.57
"2020-06-13 05:00:00",40075,12.26,18.75,18.16,0.478,21.5
"2020-06-13 05:15:00",40076,12.22,18.51,17.97,0.477,21.44
"2020-06-13 05:30:00",40077,12.28,18.43,17.94,0.477,21.4
"2020-06-13 05:45:00",40078,12.31,18.31,17.84,0.477,21.38
"2020-06-13 06:00:00",40079,12.29,18.22,17.74,0.477,21.37
"2020-06-13 06:15:00",40080,12.27,18.26,17.88,0.478,21.37
"2020-06-13 06:30:00",40081,12.33,18.35,17.99,0.478,21.38
"2020-06-13 06:45:00",40082,12.23,18.42,18.03,0.477,21.38
"2020-06-13 07:00:00",40083,12.28,18.5,18.15,0.477,21.4
"2020-06-13 07:15:00",40084,12.22,18.66,18.34,0.478,21.41
"2020-06-13 07:30:00",40085,12.29,18.85,18.57,0.477,21.43
"2020-06-13 07:45:00",40086,12.3,19.08,18.83,0.478,21.45
"2020-06-13 08:00:00",40087,12.3,19.33,19.11,0.477,21.48
"2020-06-13 08:15:00",40088,12.34,19.66,19.51,0.478,21.52
"2020-06-13 08:30:00",40089,12.34,20.02,19.85,0.477,21.57
"2020-06-13 08:45:00",40090,12.26,20.34,20.24,0.478,21.62
"2020-06-13 09:00:00",40091,12.26,20.69,20.56,0.478,21.68
"2020-06-13 09:15:00",40092,12.33,21,20.96,0.478,21.72
"2020-06-13 09:30:00",40093,12.29,21.37,21.33,0.478,21.79
"2020-06-13 09:45:00",40094,12.31,21.75,21.74,0.476,21.85
"2020-06-13 10:00:00",40095,12.37,22.13,22.14,0.476,21.94
"2020-06-13 10:15:00",40096,12.38,22.58,22.56,0.477,22
"2020-06-13 10:30:00",40097,12.3,22.93,22.94,0.477,22.07
"2020-06-13 10:45:00",40098,12.32,23.36,23.45,0.477,22.13
"2020-06-13 11:00:00",40099,12.4,23.68,23.52,0.477,22.19
"2020-06-13 11:15:00",40100,12.39,23.9,23.78,0.477,22.25
"2020-06-13 11:30:00",40101,12.34,24.2,24.06,0.476,22.35
"2020-06-13 11:45:00",40102,12.35,24.45,24.31,0.476,22.44
"2020-06-13 12:00:00",40103,12.4,24.74,24.64,0.477,22.55
"2020-06-13 12:15:00",40104,12.41,24.94,24.71,0.476,22.61
"2020-06-13 12:30:00",40105,12.39,25.11,24.94,0.476,22.73
"2020-06-13 12:45:00",40106,12.46,25.46,25.27,0.476,22.85
"2020-06-13 13:00:00",40107,12.78,29.41,28.9,0.476,22.94
"2020-06-13 13:15:00",40108,12.45,26.66,26.02,0.475,22.99
"2020-06-13 13:30:00",40109,12.41,26.1,25.72,0.476,23.05
"2020-06-13 13:45:00",40110,12.47,25.96,25.58,0.475,23.08
"2020-06-13 14:00:00",40111,12.39,25.94,25.59,0.476,23.12
"2020-06-13 14:15:00",40112,12.41,25.91,25.63,0.475,23.13
"2020-06-13 14:30:00",40113,12.5,26.02,25.84,0.475,23.16
"2020-06-13 14:45:00",40114,12.43,25.99,25.57,0.475,23.12
"2020-06-13 15:00:00",40115,12.4,25.58,25.05,0.474,23.06
"2020-06-13 15:15:00",40116,12.31,25.01,24.35,0.475,22.96
"2020-06-13 15:30:00",40117,12.35,24.39,23.73,0.475,22.91
"2020-06-13 15:45:00",40118,12.32,23.93,23.43,0.475,22.9
"2020-06-13 16:00:00",40119,12.33,23.69,23.25,0.475,22.91
"2020-06-13 16:15:00",40120,12.33,23.6,23.23,0.474,22.93
"2020-06-13 16:30:00",40121,12.31,23.44,22.95,0.476,22.93
"2020-06-13 16:45:00",40122,12.37,23.29,22.75,0.475,22.93
"2020-06-13 17:00:00",40123,12.37,22.77,22.12,0.475,22.89
"2020-06-13 17:15:00",40124,12.32,22.11,21.22,0.476,22.83
"2020-06-13 17:30:00",40125,12.3,21.15,19.86,0.476,22.71
"2020-06-13 17:45:00",40126,12.3,20.01,19.07,0.475,22.63
"2020-06-13 18:00:00",40127,12.33,19.31,18.57,0.476,22.55
"2020-06-13 18:15:00",40128,12.35,18.94,18.34,0.476,22.48
"2020-06-13 18:30:00",40129,12.33,18.47,17.76,0.482,22.31
"2020-06-13 18:45:00",40130,12.31,17.98,17.44,0.484,22.23
"2020-06-13 19:00:00",40131,12.26,17.93,17.44,0.484,22.17
"2020-06-13 19:15:00",40132,12.36,17.8,17.33,0.484,22.08
"2020-06-13 19:30:00",40133,12.34,17.51,17.05,0.488,21.96
"2020-06-13 19:45:00",40134,12.34,17.43,16.98,0.485,21.93
"2020-06-13 20:00:00",40135,12.3,17.37,16.93,0.483,21.9
"2020-06-13 20:15:00",40136,12.34,17.35,16.92,0.482,21.88
"2020-06-13 20:30:00",40137,12.24,17.3,16.79,0.48,21.86
"2020-06-13 20:45:00",40138,12.29,17.21,16.67,0.48,21.85
"2020-06-13 21:00:00",40139,12.27,17.11,16.65,0.479,21.84
"2020-06-13 21:15:00",40140,12.33,17.08,16.59,0.479,21.82
"2020-06-13 21:30:00",40141,12.27,17.01,16.53,0.479,21.8
"2020-06-13 21:45:00",40142,12.29,16.97,16.53,0.478,21.79
"2020-06-13 22:00:00",40143,12.27,16.96,16.51,0.478,21.78
"2020-06-13 22:15:00",40144,12.24,16.93,16.46,0.478,21.78
"2020-06-13 22:30:00",40145,12.26,16.87,16.42,0.479,21.77
"2020-06-13 22:45:00",40146,12.24,16.87,16.42,0.478,21.76
"2020-06-13 23:00:00",40147,12.23,16.83,16.37,0.477,21.73
"2020-06-13 23:15:00",40148,12.28,16.79,16.35,0.478,21.72
"2020-06-13 23:30:00",40149,12.28,16.75,16.27,0.477,21.69
"2020-06-13 23:45:00",40150,12.29,16.65,16.18,0.477,21.66
"2020-06-14 00:00:00",40151,12.24,16.57,16.09,0.477,21.63
"2020-06-14 00:15:00",40152,12.3,16.48,16,0.478,21.6
"2020-06-14 00:30:00",40153,12.31,16.52,16.03,0.477,21.58
"2020-06-14 00:45:00",40154,12.23,16.32,15.83,0.478,21.55
"2020-06-14 01:00:00",40155,12.26,16.21,15.73,0.478,21.52
"2020-06-14 01:15:00",40156,12.3,16.13,15.64,0.477,21.49
"2020-06-14 01:30:00",40157,12.22,16.03,15.54,0.477,21.46
"2020-06-14 01:45:00",40158,12.21,15.95,15.47,0.477,21.43
"2020-06-14 02:00:00",40159,12.25,15.88,15.38,0.477,21.4
"2020-06-14 02:15:00",40160,12.21,15.75,15.27,0.477,21.37
"2020-06-14 02:30:00",40161,12.29,15.62,15.1,0.477,21.33
"2020-06-14 02:45:00",40162,12.27,15.5,14.99,0.478,21.31
"2020-06-14 03:00:00",40163,12.28,15.39,14.91,0.477,21.29
"2020-06-14 03:15:00",40164,12.21,15.34,14.89,0.477,21.27
"2020-06-14 03:30:00",40165,12.29,15.29,14.84,0.477,21.25
"2020-06-14 03:45:00",40166,12.22,15.25,14.78,0.477,21.22
"2020-06-14 04:00:00",40167,12.27,15.16,14.69,0.477,21.19
"2020-06-14 04:15:00",40168,12.21,15.17,14.8,0.477,21.17
"2020-06-14 04:30:00",40169,12.27,15.28,14.92,0.477,21.17
"2020-06-14 04:45:00",40170,12.23,15.32,14.91,0.477,21.16
"2020-06-14 05:00:00",40171,12.26,15.35,14.98,0.477,21.16
"2020-06-14 05:15:00",40172,12.27,15.44,15.08,0.478,21.16
"2020-06-14 05:30:00",40173,12.2,15.58,15.24,0.478,21.16
"2020-06-14 05:45:00",40174,12.21,15.75,15.39,0.477,21.17
"2020-06-14 06:00:00",40175,12.2,15.87,15.52,0.477,21.17
"2020-06-14 06:15:00",40176,12.19,16.01,15.7,0.477,21.17
"2020-06-14 06:30:00",40177,12.27,16.15,15.84,0.477,21.17
"2020-06-14 06:45:00",40178,12.23,16.29,15.93,0.478,21.17
"2020-06-14 07:00:00",40179,12.29,16.4,16.09,0.478,21.17
"2020-06-14 07:15:00",40180,12.31,16.6,16.34,0.478,21.2
"2020-06-14 07:30:00",40181,12.26,16.85,16.64,0.478,21.23
"2020-06-14 07:45:00",40182,12.24,17.12,16.85,0.477,21.26
"2020-06-14 08:00:00",40183,12.27,17.38,17.14,0.478,21.27
"2020-06-14 08:15:00",40184,12.33,17.68,17.49,0.477,21.31
"2020-06-14 08:30:00",40185,12.32,17.95,17.79,0.478,21.33
"2020-06-14 08:45:00",40186,12.26,18.12,17.86,0.477,21.34
"2020-06-14 09:00:00",40187,12.3,18.35,18.19,0.477,21.37
"2020-06-14 09:15:00",40188,12.26,18.56,18.32,0.478,21.38
"2020-06-14 09:30:00",40189,12.37,18.75,18.56,0.477,21.41
"2020-06-14 09:45:00",40190,12.27,18.95,18.77,0.478,21.43
"2020-06-14 10:00:00",40191,12.35,19.05,18.76,0.478,21.42
"2020-06-14 10:15:00",40192,12.34,19.16,18.93,0.478,21.44
"2020-06-14 10:30:00",40193,12.35,19.36,19.26,0.478,21.47
"2020-06-14 10:45:00",40194,12.3,19.68,19.71,0.477,21.5
"2020-06-14 11:00:00",40195,12.36,20.08,20.12,0.477,21.55
"2020-06-14 11:15:00",40196,12.31,20.56,20.67,0.476,21.67
"2020-06-14 11:30:00",40197,12.37,20.67,20.42,0.477,21.67
"2020-06-14 11:45:00",40198,12.26,20.6,20.26,0.478,21.68
"2020-06-14 12:00:00",40199,12.35,20.57,20.29,0.476,21.68
"2020-06-14 12:15:00",40200,12.35,20.78,20.63,0.476,21.72
"2020-06-14 12:30:00",40201,12.38,21.04,20.91,0.476,21.76
"2020-06-14 12:45:00",40202,12.36,21.42,21.47,0.476,21.87
"2020-06-14 13:00:00",40203,12.48,25.27,25.06,0.477,22.02
"2020-06-14 13:15:00",40204,12.4,22.43,21.81,0.476,21.95
"2020-06-14 13:30:00",40205,12.4,21.96,21.49,0.477,21.98
"2020-06-14 13:45:00",40206,12.37,21.84,21.37,0.476,21.95
"2020-06-14 14:00:00",40207,12.32,21.57,21.21,0.475,21.94
"2020-06-14 14:15:00",40208,12.41,21.78,21.68,0.475,21.99
"2020-06-14 14:30:00",40209,12.35,22.06,21.96,0.476,22
"2020-06-14 14:45:00",40210,12.34,22.41,22.36,0.475,22.06
"2020-06-14 15:00:00",40211,12.41,22.63,22.43,0.476,22.06
"2020-06-14 15:15:00",40212,12.43,22.62,22.25,0.475,22.1
"2020-06-14 15:30:00",40213,12.41,22.53,22.18,0.476,22.12
"2020-06-14 15:45:00",40214,12.34,22.44,22.05,0.475,22.12
"2020-06-14 16:00:00",40215,12.34,22.29,21.85,0.475,22.11
"2020-06-14 16:15:00",40216,12.39,22.16,21.77,0.475,22.11
"2020-06-14 16:30:00",40217,12.36,22.08,21.7,0.476,22.11
"2020-06-14 16:45:00",40218,12.33,21.99,21.59,0.475,22.11
"2020-06-14 17:00:00",40219,12.28,21.87,21.46,0.475,22.1
"2020-06-14 17:15:00",40220,12.33,21.91,21.48,0.475,22.1
"2020-06-14 17:30:00",40221,12.35,21.66,21.26,0.475,22.09
"2020-06-14 17:45:00",40222,12.36,21.55,21.15,0.475,22.06
"2020-06-14 18:00:00",40223,12.35,21.47,21.08,0.476,22.05
"2020-06-14 18:15:00",40224,12.29,21.39,20.98,0.476,22.02
"2020-06-14 18:30:00",40225,12.34,21.28,20.86,0.476,21.99
"2020-06-14 18:45:00",40226,12.33,21.13,20.69,0.475,21.96
"2020-06-14 19:00:00",40227,12.32,20.93,20.5,0.476,21.93
"2020-06-14 19:15:00",40228,12.23,20.67,20.07,0.476,21.87
"2020-06-14 19:30:00",40229,12.29,20.24,19.44,0.476,21.79
"2020-06-14 19:45:00",40230,12.33,19.2,18.09,0.49,21.46
"2020-06-14 20:00:00",40231,12.29,18.11,17.37,0.492,21.36
"2020-06-14 20:15:00",40232,12.3,17.75,17.15,0.507,20.97
"2020-06-14 20:30:00",40233,12.27,17.25,16.77,0.532,20.72
"2020-06-14 20:45:00",40234,12.29,17.13,16.71,0.548,20.46
"2020-06-14 21:00:00",40235,12.31,17.1,16.69,0.547,19.86
"2020-06-14 21:15:00",40236,12.23,17.08,16.69,0.538,19.55
"2020-06-14 21:30:00",40237,12.25,17.05,16.61,0.541,19.47
"2020-06-14 21:45:00",40238,12.3,16.99,16.6,0.552,19.52
"2020-06-14 22:00:00",40239,12.28,17.03,16.68,0.55,19.4
"2020-06-14 22:15:00",40240,12.3,17.08,16.71,0.54,19.22
"2020-06-14 22:30:00",40241,12.23,17.1,16.72,0.53,19.35
"2020-06-14 22:45:00",40242,12.31,17.14,16.8,0.521,19.5
"2020-06-14 23:00:00",40243,12.32,17.22,16.86,0.516,19.67
"2020-06-14 23:15:00",40244,12.29,17.21,16.8,0.511,19.82
"2020-06-14 23:30:00",40245,12.3,17.09,16.59,0.508,19.92
"2020-06-14 23:45:00",40246,12.26,16.94,16.45,0.504,19.99
"2020-06-15 00:00:00",40247,12.24,16.76,16.25,0.503,20.04
"2020-06-15 00:15:00",40248,12.29,16.63,16.15,0.499,20.08
"2020-06-15 00:30:00",40249,12.24,16.53,16.07,0.498,20.1
"2020-06-15 00:45:00",40250,12.23,16.57,16.1,0.498,20.11
"2020-06-15 01:00:00",40251,12.23,16.29,15.72,0.496,20.1
"2020-06-15 01:15:00",40252,12.24,15.99,15.4,0.495,20.07
"2020-06-15 01:30:00",40253,12.23,15.69,15.09,0.495,20.03
"2020-06-15 01:45:00",40254,12.32,15.45,14.9,0.494,20
"2020-06-15 02:00:00",40255,12.22,15.32,14.83,0.492,19.96
"2020-06-15 02:15:00",40256,12.3,15.25,14.78,0.492,19.94
"2020-06-15 02:30:00",40257,12.21,15.19,14.7,0.491,19.92
"2020-06-15 02:45:00",40258,12.22,15.2,14.7,0.49,19.91
"2020-06-15 03:00:00",40259,12.31,14.96,14.46,0.49,19.91
"2020-06-15 03:15:00",40260,12.24,14.85,14.37,0.491,19.9
"2020-06-15 03:30:00",40261,12.27,14.76,14.3,0.489,19.89
"2020-06-15 03:45:00",40262,12.29,14.73,14.28,0.488,19.88
"2020-06-15 04:00:00",40263,12.21,14.7,14.26,0.489,19.88
"2020-06-15 04:15:00",40264,12.21,14.68,14.25,0.488,19.88
"2020-06-15 04:30:00",40265,12.28,14.63,14.17,0.488,19.86
"2020-06-15 04:45:00",40266,12.31,14.56,14.1,0.487,19.85
"2020-06-15 05:00:00",40267,12.19,14.54,14.13,0.488,19.83
"2020-06-15 05:15:00",40268,12.3,14.56,14.17,0.487,19.82
"2020-06-15 05:30:00",40269,12.23,14.69,14.28,0.487,19.82
"2020-06-15 05:45:00",40270,12.21,14.75,14.38,0.487,19.82
"2020-06-15 06:00:00",40271,12.25,14.81,14.43,0.486,19.83
"2020-06-15 06:15:00",40272,12.28,14.9,14.55,0.487,19.84
"2020-06-15 06:30:00",40273,12.3,15.01,14.69,0.485,19.85
"2020-06-15 06:45:00",40274,12.22,15.12,14.79,0.486,19.86
"2020-06-15 07:00:00",40275,12.2,15.25,14.93,0.487,19.86
"2020-06-15 07:15:00",40276,12.3,15.35,15,0.487,19.85
"2020-06-15 07:30:00",40277,12.22,15.4,15.02,0.486,19.84
"2020-06-15 07:45:00",40278,12.28,15.4,15,0.485,19.83
"2020-06-15 08:00:00",40279,12.2,15.36,14.93,0.486,19.82
"2020-06-15 08:15:00",40280,12.31,15.33,14.87,0.486,19.8
"2020-06-15 08:30:00",40281,12.2,15.29,14.89,0.485,19.81
"2020-06-15 08:45:00",40282,12.25,15.36,15,0.485,19.8
"2020-06-15 09:00:00",40283,12.26,15.45,15.09,0.485,19.81
"2020-06-15 09:15:00",40284,12.3,15.57,15.21,0.486,19.83
"2020-06-15 09:30:00",40285,12.28,15.65,15.27,0.486,19.83
"2020-06-15 09:45:00",40286,12.31,15.64,15.18,0.484,19.82
"2020-06-15 10:00:00",40287,12.2,15.59,15.16,0.484,19.82
"2020-06-15 10:15:00",40288,12.27,15.63,15.27,0.484,19.82
"2020-06-15 10:30:00",40289,12.29,15.73,15.38,0.485,19.82
"2020-06-15 10:45:00",40290,12.25,15.84,15.53,0.484,19.84
"2020-06-15 11:00:00",40291,12.24,15.94,15.63,0.486,19.85
"2020-06-15 11:15:00",40292,12.27,16.03,15.68,0.484,19.84
"2020-06-15 11:30:00",40293,12.27,15.96,15.54,0.485,19.82
"2020-06-15 11:45:00",40294,12.23,15.86,15.42,0.484,19.81
"2020-06-15 12:00:00",40295,12.29,15.78,15.33,0.483,19.78
"2020-06-15 12:15:00",40296,12.23,15.63,15.12,0.483,19.77
"2020-06-15 12:30:00",40297,12.25,15.47,14.93,0.484,19.73
"2020-06-15 12:45:00",40298,12.23,15.3,14.83,0.483,19.71
"2020-06-15 13:00:00",40299,12.22,15.25,14.82,0.483,19.68
"2020-06-15 13:15:00",40300,12.27,15.23,14.84,0.483,19.66
"2020-06-15 13:30:00",40301,12.21,15.31,14.97,0.482,19.66
"2020-06-15 13:45:00",40302,12.29,15.37,15,0.483,19.66
"2020-06-15 14:00:00",40303,12.21,15.37,14.88,0.483,19.65
"2020-06-15 14:15:00",40304,12.28,15.21,14.65,0.484,19.63
"2020-06-15 14:30:00",40305,12.31,15.16,14.62,0.485,19.58
"2020-06-15 14:45:00",40306,12.25,14.78,14.25,0.487,19.53
"2020-06-15 15:00:00",40307,12.22,14.64,14.17,0.487,19.5
"2020-06-15 15:15:00",40308,12.28,14.58,14.14,0.487,19.46
"2020-06-15 15:30:00",40309,12.23,14.56,14.15,0.489,19.42
"2020-06-15 15:45:00",40310,12.29,14.6,14.2,0.488,19.4
"2020-06-15 16:00:00",40311,12.29,14.62,14.24,0.487,19.4
"2020-06-15 16:15:00",40312,12.22,14.67,14.3,0.489,19.39
"2020-06-15 16:30:00",40313,12.21,14.75,14.41,0.49,19.39
"2020-06-15 16:45:00",40314,12.29,14.85,14.52,0.49,19.39
"2020-06-15 17:00:00",40315,12.19,14.95,14.61,0.491,19.39
"2020-06-15 17:15:00",40316,12.27,15.01,14.67,0.491,19.36
"2020-06-15 17:30:00",40317,12.25,15.11,14.75,0.492,19.35
"2020-06-15 17:45:00",40318,12.2,15.25,14.87,0.492,19.33
"2020-06-15 18:00:00",40319,12.2,15.12,14.69,0.494,19.29
"2020-06-15 18:15:00",40320,12.2,15.01,14.55,0.495,19.24
"2020-06-15 18:30:00",40321,12.22,14.84,14.4,0.497,19.19
"2020-06-15 18:45:00",40322,12.29,14.74,14.33,0.497,19.14
"2020-06-15 19:00:00",40323,12.22,14.64,14.2,0.498,19.09
"2020-06-15 19:15:00",40324,12.23,14.52,14.08,0.498,19.05
"2020-06-15 19:30:00",40325,12.18,14.41,13.98,0.497,19
"2020-06-15 19:45:00",40326,12.27,14.3,13.86,0.497,18.96
"2020-06-15 20:00:00",40327,12.27,14.18,13.74,0.497,18.92
"2020-06-15 20:15:00",40328,12.22,14.06,13.59,0.497,18.88
"2020-06-15 20:30:00",40329,12.26,13.92,13.44,0.496,18.84
"2020-06-15 20:45:00",40330,12.22,13.9,13.39,0.497,18.81
"2020-06-15 21:00:00",40331,12.25,13.81,13.37,0.497,18.79
"2020-06-15 21:15:00",40332,12.18,13.59,13.17,0.495,18.77
"2020-06-15 21:30:00",40333,12.18,13.56,13.16,0.496,18.76
"2020-06-15 21:45:00",40334,12.17,13.54,13.13,0.495,18.75
"2020-06-15 22:00:00",40335,12.28,13.55,13.17,0.496,18.74
"2020-06-15 22:15:00",40336,12.23,13.57,13.17,0.495,18.74
"2020-06-15 22:30:00",40337,12.19,13.57,13.18,0.495,18.74
"2020-06-15 22:45:00",40338,12.2,13.57,13.17,0.495,18.72
"2020-06-15 23:00:00",40339,12.2,13.59,13.23,0.494,18.72
"2020-06-15 23:15:00",40340,12.21,13.61,13.23,0.493,18.72
"2020-06-15 23:30:00",40341,12.2,13.66,13.31,0.493,18.72
"2020-06-15 23:45:00",40342,12.24,13.7,13.32,0.492,18.73
"2020-06-16 00:00:00",40343,12.21,13.76,13.42,0.493,18.72
"2020-06-16 00:15:00",40344,12.26,13.78,13.44,0.493,18.73
"2020-06-16 00:30:00",40345,12.23,13.8,13.42,0.492,18.74
"2020-06-16 00:45:00",40346,12.18,13.82,13.45,0.491,18.74
"2020-06-16 01:00:00",40347,12.27,13.85,13.5,0.491,18.74
"2020-06-16 01:15:00",40348,12.26,13.89,13.56,0.491,18.74
"2020-06-16 01:30:00",40349,12.25,13.94,13.58,0.491,18.75
"2020-06-16 01:45:00",40350,12.22,13.95,13.59,0.49,18.75
"2020-06-16 02:00:00",40351,12.26,13.96,13.62,0.489,18.76
"2020-06-16 02:15:00",40352,12.17,14.02,13.66,0.489,18.77
"2020-06-16 02:30:00",40353,12.23,14.05,13.67,0.489,18.77
"2020-06-16 02:45:00",40354,12.29,14.06,13.71,0.489,18.77
"2020-06-16 03:00:00",40355,12.2,14.06,13.68,0.489,18.77
"2020-06-16 03:15:00",40356,12.25,14.06,13.68,0.488,18.77
"2020-06-16 03:30:00",40357,12.25,14.05,13.66,0.489,18.76
"2020-06-16 03:45:00",40358,12.19,14.03,13.65,0.488,18.75
"2020-06-16 04:00:00",40359,12.2,14.03,13.65,0.488,18.74
"2020-06-16 04:15:00",40360,12.25,14.02,13.65,0.488,18.73
"2020-06-16 04:30:00",40361,12.28,14.01,13.61,0.488,18.72
"2020-06-16 04:45:00",40362,12.21,13.98,13.6,0.487,18.7
"2020-06-16 05:00:00",40363,12.18,13.97,13.59,0.488,18.7
"2020-06-16 05:15:00",40364,12.25,13.97,13.6,0.487,18.69
"2020-06-16 05:30:00",40365,12.29,14,13.63,0.487,18.68
"2020-06-16 05:45:00",40366,12.23,14.06,13.68,0.487,18.68
"2020-06-16 06:00:00",40367,12.23,14.13,13.79,0.487,18.68
"2020-06-16 06:15:00",40368,12.17,14.21,13.85,0.487,18.68
"2020-06-16 06:30:00",40369,12.19,14.26,13.91,0.487,18.69
"2020-06-16 06:45:00",40370,12.28,14.33,13.99,0.486,18.69
"2020-06-16 07:00:00",40371,12.27,14.42,14.1,0.486,18.7
"2020-06-16 07:15:00",40372,12.24,14.53,14.23,0.486,18.71
"2020-06-16 07:30:00",40373,12.27,14.65,14.33,0.487,18.72
"2020-06-16 07:45:00",40374,12.26,14.78,14.49,0.486,18.74
"2020-06-16 08:00:00",40375,12.23,14.96,14.73,0.487,18.77
"2020-06-16 08:15:00",40376,12.27,15.2,14.9,0.486,18.8
"2020-06-16 08:30:00",40377,12.25,15.28,14.97,0.486,18.82
"2020-06-16 08:45:00",40378,12.26,15.35,14.99,0.486,18.83
"2020-06-16 09:00:00",40379,12.22,15.35,14.99,0.486,18.83
"2020-06-16 09:15:00",40380,12.3,15.44,15.17,0.486,18.85
"2020-06-16 09:30:00",40381,12.26,15.55,15.24,0.486,18.87
"2020-06-16 09:45:00",40382,12.24,15.57,15.19,0.487,18.86
"2020-06-16 10:00:00",40383,12.29,15.6,15.27,0.486,18.86
"2020-06-16 10:15:00",40384,12.29,15.72,15.48,0.486,18.88
"2020-06-16 10:30:00",40385,12.3,15.88,15.64,0.485,18.9
"2020-06-16 10:45:00",40386,12.29,15.99,15.71,0.485,18.91
"2020-06-16 11:00:00",40387,12.26,16.05,15.75,0.485,18.92
"2020-06-16 11:15:00",40388,12.28,16.13,15.88,0.484,18.93
"2020-06-16 11:30:00",40389,12.26,16.19,15.85,0.486,18.94
"2020-06-16 11:45:00",40390,12.26,16.16,15.75,0.486,18.94
"2020-06-16 12:00:00",40391,12.2,15.98,15.52,0.485,18.91
"2020-06-16 12:15:00",40392,12.29,15.79,15.32,0.486,18.89
"2020-06-16 12:30:00",40393,12.21,15.57,15,0.485,18.86
"2020-06-16 12:45:00",40394,12.19,15.23,14.68,0.487,18.82
"2020-06-16 13:00:00",40395,12.25,15.01,14.52,0.488,18.77
"2020-06-16 13:15:00",40396,12.28,14.87,14.47,0.491,18.72
"2020-06-16 13:30:00",40397,12.19,14.89,14.54,0.492,18.7
"2020-06-16 13:45:00",40398,12.22,15.01,14.7,0.493,18.69
"2020-06-16 14:00:00",40399,12.3,15.14,14.8,0.493,18.65
"2020-06-16 14:15:00",40400,12.27,15.18,14.82,0.496,18.64
"2020-06-16 14:30:00",40401,12.2,15.18,14.82,0.496,18.64
"2020-06-16 14:45:00",40402,12.22,15.22,14.87,0.494,18.63
"2020-06-16 15:00:00",40403,12.29,15.29,14.94,0.493,18.61
"2020-06-16 15:15:00",40404,12.26,15.3,14.9,0.494,18.57
"2020-06-16 15:30:00",40405,12.24,15.24,14.82,0.496,18.57
"2020-06-16 15:45:00",40406,12.23,15.17,14.74,0.494,18.56
"2020-06-16 16:00:00",40407,12.27,15.13,14.72,0.494,18.51
"2020-06-16 16:15:00",40408,12.18,15.13,14.78,0.494,18.5
"2020-06-16 16:30:00",40409,12.21,15.2,14.83,0.492,18.52
"2020-06-16 16:45:00",40410,12.21,15.21,14.81,0.493,18.53
"2020-06-16 17:00:00",40411,12.29,15.19,14.78,0.495,18.51
"2020-06-16 17:15:00",40412,12.27,15.27,14.86,0.494,18.51
"2020-06-16 17:30:00",40413,12.25,15.26,14.9,0.494,18.49
"2020-06-16 17:45:00",40414,12.24,15.15,14.79,0.494,18.48
"2020-06-16 18:00:00",40415,12.21,15.17,14.82,0.493,18.48
"2020-06-16 18:15:00",40416,12.23,15.18,14.79,0.492,18.47
"2020-06-16 18:30:00",40417,12.23,15.22,14.78,0.492,18.47
"2020-06-16 18:45:00",40418,12.19,15.03,14.6,0.493,18.46
"2020-06-16 19:00:00",40419,12.24,14.91,14.51,0.493,18.46
"2020-06-16 19:15:00",40420,12.26,14.9,14.51,0.492,18.45
"2020-06-16 19:30:00",40421,12.22,14.89,14.53,0.491,18.44
"2020-06-16 19:45:00",40422,12.22,14.88,14.5,0.491,18.44
"2020-06-16 20:00:00",40423,12.22,14.87,14.51,0.49,18.43
"2020-06-16 20:15:00",40424,12.29,14.88,14.51,0.492,18.43
"2020-06-16 20:30:00",40425,12.19,14.9,14.54,0.491,18.43
"2020-06-16 20:45:00",40426,12.28,14.91,14.54,0.495,18.38
"2020-06-16 21:00:00",40427,12.23,14.92,14.56,0.497,18.37
"2020-06-16 21:15:00",40428,12.19,14.95,14.59,0.496,18.35
"2020-06-16 21:30:00",40429,12.19,14.97,14.64,0.494,18.31
"2020-06-16 21:45:00",40430,12.19,14.99,14.62,0.494,18.29
"2020-06-16 22:00:00",40431,12.18,14.99,14.63,0.493,18.3
"2020-06-16 22:15:00",40432,12.19,14.98,14.61,0.497,18.24
"2020-06-16 22:30:00",40433,12.2,14.96,14.59,0.502,18.21
"2020-06-16 22:45:00",40434,12.21,14.95,14.58,0.504,18.17
"2020-06-16 23:00:00",40435,12.18,14.96,14.6,0.505,18.09
"2020-06-16 23:15:00",40436,12.24,14.98,14.61,0.503,18.03
"2020-06-16 23:30:00",40437,12.18,14.99,14.64,0.502,18.03
"2020-06-16 23:45:00",40438,12.28,15,14.64,0.501,18.04
"2020-06-17 00:00:00",40439,12.19,15.02,14.65,0.501,18.04
"2020-06-17 00:15:00",40440,12.25,15.03,14.67,0.501,18.04
"2020-06-17 00:30:00",40441,12.26,15.01,14.67,0.5,18.04
"2020-06-17 00:45:00",40442,12.17,15.18,14.83,0.5,18.03
"2020-06-17 01:00:00",40443,12.23,15.21,14.85,0.501,18.02
"2020-06-17 01:15:00",40444,12.22,15.21,14.84,0.505,17.98
"2020-06-17 01:30:00",40445,12.19,15.19,14.81,0.505,17.96
"2020-06-17 01:45:00",40446,12.29,15.16,14.77,0.503,17.93
"2020-06-17 02:00:00",40447,12.23,14.98,14.58,0.504,17.91
"2020-06-17 02:15:00",40448,12.18,14.93,14.51,0.503,17.89
"2020-06-17 02:30:00",40449,12.26,14.82,14.42,0.504,17.87
"2020-06-17 02:45:00",40450,12.22,14.76,14.39,0.504,17.86
"2020-06-17 03:00:00",40451,12.27,14.74,14.34,0.509,17.78
"2020-06-17 03:15:00",40452,12.25,14.67,14.29,0.514,17.72
"2020-06-17 03:30:00",40453,12.25,14.65,14.28,0.516,17.67
"2020-06-17 03:45:00",40454,12.24,14.68,14.32,0.516,17.6
"2020-06-17 04:00:00",40455,12.18,14.66,14.29,0.518,17.51
"2020-06-17 04:15:00",40456,12.23,14.65,14.28,0.523,17.45
"2020-06-17 04:30:00",40457,12.19,14.64,14.26,0.531,17.33
"2020-06-17 04:45:00",40458,12.18,14.63,14.28,0.536,17.24
"2020-06-17 05:00:00",40459,12.27,14.65,14.3,0.537,17.11
"2020-06-17 05:15:00",40460,12.21,14.66,14.31,0.537,16.99
"2020-06-17 05:30:00",40461,12.16,14.68,14.32,0.54,16.94
"2020-06-17 05:45:00",40462,12.25,14.69,14.35,0.547,16.89
"2020-06-17 06:00:00",40463,12.19,14.7,14.31,0.553,16.77
"2020-06-17 06:15:00",40464,12.26,14.67,14.28,0.569,16.55
"2020-06-17 06:30:00",40465,12.19,14.64,14.27,0.574,16.39
"2020-06-17 06:45:00",40466,12.26,14.63,14.25,0.582,16.14
"2020-06-17 07:00:00",40467,12.16,14.57,14.19,0.589,16.03
"2020-06-17 07:15:00",40468,12.23,14.55,14.18,0.59,15.92
"2020-06-17 07:30:00",40469,12.17,14.53,14.17,0.597,15.82
"2020-06-17 07:45:00",40470,12.27,14.53,14.16,0.598,15.76
"2020-06-17 08:00:00",40471,12.25,14.57,14.22,0.604,15.69
"2020-06-17 08:15:00",40472,12.18,14.54,14.17,0.631,15.51
"2020-06-17 08:30:00",40473,12.17,14.59,14.27,0.669,15.32
"2020-06-17 08:45:00",40474,12.21,14.75,14.42,0.675,15.09
"2020-06-17 09:00:00",40475,12.24,14.88,14.55,0.663,15.09
"2020-06-17 09:15:00",40476,12.22,15.03,14.75,0.657,15.17
"2020-06-17 09:30:00",40477,12.22,15.18,14.89,0.646,15.24
"2020-06-17 09:45:00",40478,12.21,15.29,14.94,0.642,15.29
"2020-06-17 10:00:00",40479,12.26,15.23,14.86,0.637,15.32
"2020-06-17 10:15:00",40480,12.23,15.21,14.84,0.636,15.33
"2020-06-17 10:30:00",40481,12.23,15.21,14.87,0.646,15.33
"2020-06-17 10:45:00",40482,12.2,15.31,15,0.639,15.28
"2020-06-17 11:00:00",40483,12.25,15.48,15.16,0.628,15.3
"2020-06-17 11:15:00",40484,12.23,15.6,15.3,0.632,15.34
"2020-06-17 11:30:00",40485,12.21,15.75,15.48,0.625,15.39
"2020-06-17 11:45:00",40486,12.19,15.89,15.61,0.621,15.45
"2020-06-17 12:00:00",40487,12.19,16.04,15.75,0.619,15.5
"2020-06-17 12:15:00",40488,12.3,16.21,15.96,0.612,15.55
"2020-06-17 12:30:00",40489,12.3,16.6,16.49,0.608,15.63
"2020-06-17 12:45:00",40490,12.2,16.87,16.73,0.606,15.71
"2020-06-17 13:00:00",40491,12.24,17.05,16.77,0.603,15.78
"2020-06-17 13:15:00",40492,12.22,17.08,16.72,0.6,15.82
"2020-06-17 13:30:00",40493,12.24,17.08,16.72,0.598,15.85
"2020-06-17 13:45:00",40494,12.22,17.13,16.81,0.596,15.88
"2020-06-17 14:00:00",40495,12.27,17.21,16.9,0.592,15.92
"2020-06-17 14:15:00",40496,12.28,17.27,16.93,0.589,15.96
"2020-06-17 14:30:00",40497,12.27,17.29,16.94,0.585,16
"2020-06-17 14:45:00",40498,12.29,17.39,17.09,0.586,16.04
"2020-06-17 15:00:00",40499,12.2,17.55,17.25,0.585,16.08
"2020-06-17 15:15:00",40500,12.28,17.65,17.34,0.587,16.11
"2020-06-17 15:30:00",40501,12.25,17.75,17.4,0.584,16.12
"2020-06-17 15:45:00",40502,12.2,17.81,17.45,0.583,16.15
"2020-06-17 16:00:00",40503,12.19,17.85,17.53,0.58,16.17
"2020-06-17 16:15:00",40504,12.24,17.89,17.59,0.577,16.2
"2020-06-17 16:30:00",40505,12.25,17.96,17.63,0.574,16.24
"2020-06-17 16:45:00",40506,12.23,17.99,17.64,0.574,16.27
"2020-06-17 17:00:00",40507,12.26,18.03,17.69,0.573,16.31
"2020-06-17 17:15:00",40508,12.21,18.07,17.72,0.569,16.33
"2020-06-17 17:30:00",40509,12.19,18.07,17.72,0.568,16.37
"2020-06-17 17:45:00",40510,12.21,18.1,17.76,0.569,16.4
"2020-06-17 18:00:00",40511,12.22,18.12,17.77,0.567,16.43
"2020-06-17 18:15:00",40512,12.26,18.11,17.74,0.563,16.45
"2020-06-17 18:30:00",40513,12.27,18.13,17.79,0.563,16.48
"2020-06-17 18:45:00",40514,12.27,18.05,17.68,0.562,16.49
"2020-06-17 19:00:00",40515,12.2,18.01,17.64,0.561,16.51
"2020-06-17 19:15:00",40516,12.19,17.97,17.59,0.559,16.52
"2020-06-17 19:30:00",40517,12.27,17.93,17.56,0.559,16.54
"2020-06-17 19:45:00",40518,12.29,17.88,17.51,0.557,16.55
"2020-06-17 20:00:00",40519,12.19,17.87,17.51,0.554,16.57
"2020-06-17 20:15:00",40520,12.25,17.84,17.49,0.555,16.58
"2020-06-17 20:30:00",40521,12.26,17.84,17.49,0.554,16.6
"2020-06-17 20:45:00",40522,12.26,17.84,17.49,0.554,16.61
"2020-06-17 21:00:00",40523,12.24,17.94,17.59,0.552,16.63
"2020-06-17 21:15:00",40524,12.18,17.94,17.59,0.553,16.65
"2020-06-17 21:30:00",40525,12.15,17.94,17.58,0.551,16.66
"2020-06-17 21:45:00",40526,12.18,17.96,17.58,0.551,16.67
"2020-06-17 22:00:00",40527,12.18,17.81,17.47,0.554,16.68
"2020-06-17 22:15:00",40528,12.25,17.83,17.5,0.556,16.69
"2020-06-17 22:30:00",40529,12.19,17.86,17.5,0.554,16.66
"2020-06-17 22:45:00",40530,12.18,17.85,17.5,0.554,16.65
"2020-06-17 23:00:00",40531,12.22,17.85,17.49,0.551,16.66
"2020-06-17 23:15:00",40532,12.27,17.85,17.5,0.551,16.67
"2020-06-17 23:30:00",40533,12.23,17.84,17.49,0.551,16.68
"2020-06-17 23:45:00",40534,12.17,17.85,17.51,0.548,16.7
"2020-06-18 00:00:00",40535,12.17,17.87,17.52,0.548,16.71
"2020-06-18 00:15:00",40536,12.23,17.89,17.54,0.546,16.73
"2020-06-18 00:30:00",40537,12.22,17.92,17.58,0.547,16.74
"2020-06-18 00:45:00",40538,12.29,17.94,17.61,0.546,16.76
"2020-06-18 01:00:00",40539,12.2,17.97,17.64,0.546,16.78
"2020-06-18 01:15:00",40540,12.22,18,17.69,0.543,16.79
"2020-06-18 01:30:00",40541,12.22,18.05,17.72,0.544,16.81
"2020-06-18 01:45:00",40542,12.27,18.09,17.76,0.543,16.82
"2020-06-18 02:00:00",40543,12.21,18.15,17.83,0.542,16.84
"2020-06-18 02:15:00",40544,12.26,18.2,17.89,0.542,16.85
"2020-06-18 02:30:00",40545,12.19,18.22,17.87,0.541,16.87
"2020-06-18 02:45:00",40546,12.18,18.24,17.89,0.541,16.88
"2020-06-18 03:00:00",40547,12.24,18.23,17.87,0.539,16.89
"2020-06-18 03:15:00",40548,12.26,18.22,17.85,0.54,16.9
"2020-06-18 03:30:00",40549,12.18,18.19,17.82,0.539,16.91
"2020-06-18 03:45:00",40550,12.18,18.17,17.8,0.539,16.91
"2020-06-18 04:00:00",40551,12.19,18.14,17.77,0.538,16.92
"2020-06-18 04:15:00",40552,12.21,18.13,17.77,0.539,16.93
"2020-06-18 04:30:00",40553,12.26,18.15,17.79,0.539,16.93
"2020-06-18 04:45:00",40554,12.26,18.14,17.77,0.539,16.92
"2020-06-18 05:00:00",40555,12.23,18.13,17.75,0.536,16.92
"2020-06-18 05:15:00",40556,12.21,18.13,17.76,0.537,16.92
"2020-06-18 05:30:00",40557,12.2,18.18,17.8,0.537,16.93
"2020-06-18 05:45:00",40558,12.19,18.18,17.82,0.535,16.93
"2020-06-18 06:00:00",40559,12.24,18.21,17.86,0.536,16.95
"2020-06-18 06:15:00",40560,12.25,18.24,17.88,0.536,16.96
"2020-06-18 06:30:00",40561,12.27,18.28,17.92,0.536,16.97
"2020-06-18 06:45:00",40562,12.17,18.3,17.94,0.536,16.99
"2020-06-18 07:00:00",40563,12.24,18.32,17.96,0.535,16.99
"2020-06-18 07:15:00",40564,12.17,18.33,17.95,0.533,17
"2020-06-18 07:30:00",40565,12.2,18.32,17.94,0.534,17.01
"2020-06-18 07:45:00",40566,12.19,18.33,17.96,0.533,17.02
"2020-06-18 08:00:00",40567,12.27,18.34,17.96,0.533,17.03
"2020-06-18 08:15:00",40568,12.27,18.39,18.08,0.533,17.05
"2020-06-18 08:30:00",40569,12.28,18.49,18.15,0.534,17.08
"2020-06-18 08:45:00",40570,12.27,18.62,18.31,0.532,17.1
"2020-06-18 09:00:00",40571,12.26,18.74,18.47,0.532,17.13
"2020-06-18 09:15:00",40572,12.23,18.81,18.49,0.531,17.15
"2020-06-18 09:30:00",40573,12.27,18.91,18.62,0.533,17.17
"2020-06-18 09:45:00",40574,12.23,19.03,18.77,0.531,17.2
"2020-06-18 10:00:00",40575,12.29,19.22,19.01,0.53,17.23
"2020-06-18 10:15:00",40576,12.27,19.49,19.34,0.53,17.26
"2020-06-18 10:30:00",40577,12.34,19.91,19.9,0.531,17.33
"2020-06-18 10:45:00",40578,12.37,20.35,20.49,0.529,17.4
"2020-06-18 11:00:00",40579,12.33,20.59,20.39,0.529,17.43
"2020-06-18 11:15:00",40580,12.27,20.65,20.43,0.529,17.46
"2020-06-18 11:30:00",40581,12.3,20.74,20.51,0.529,17.5
"2020-06-18 11:45:00",40582,12.37,20.9,20.79,0.53,17.58
"2020-06-18 12:00:00",40583,12.37,21.16,21.03,0.528,17.68
"2020-06-18 12:15:00",40584,12.25,21.25,21.02,0.528,17.74
"2020-06-18 12:30:00",40585,12.3,21.05,20.51,0.528,17.71
"2020-06-18 12:45:00",40586,12.32,20.82,20.35,0.528,17.71
"2020-06-18 13:00:00",40587,12.32,20.67,20.23,0.526,17.69
"2020-06-18 13:15:00",40588,12.39,20.87,20.59,0.528,17.73
"2020-06-18 13:30:00",40589,12.26,20.93,20.61,0.528,17.77
"2020-06-18 13:45:00",40590,12.29,20.94,20.63,0.526,17.79
"2020-06-18 14:00:00",40591,12.35,20.97,20.65,0.524,17.82
"2020-06-18 14:15:00",40592,12.33,21.03,20.78,0.525,17.84
"2020-06-18 14:30:00",40593,12.31,21.13,20.89,0.524,17.87
"2020-06-18 14:45:00",40594,12.33,21.11,20.76,0.524,17.87
"2020-06-18 15:00:00",40595,12.32,20.96,20.47,0.524,17.86
"2020-06-18 15:15:00",40596,12.31,20.68,20.11,0.523,17.84
"2020-06-18 15:30:00",40597,12.33,20.58,20.11,0.524,17.85
"2020-06-18 15:45:00",40598,12.31,20.36,19.97,0.523,17.86
"2020-06-18 16:00:00",40599,12.23,20.34,19.97,0.523,17.87
"2020-06-18 16:15:00",40600,12.3,20.37,20.04,0.522,17.89
"2020-06-18 16:30:00",40601,12.21,20.49,20.16,0.523,17.91
"2020-06-18 16:45:00",40602,12.24,20.52,20.18,0.522,17.92
"2020-06-18 17:00:00",40603,12.26,20.59,20.28,0.521,17.94
"2020-06-18 17:15:00",40604,12.21,20.64,20.29,0.524,17.94
"2020-06-18 17:30:00",40605,12.23,20.65,20.28,0.522,17.95
"2020-06-18 17:45:00",40606,12.3,20.65,20.26,0.522,17.96
"2020-06-18 18:00:00",40607,12.28,20.59,20.17,0.519,17.96
"2020-06-18 18:15:00",40608,12.3,20.49,20.03,0.521,17.96
"2020-06-18 18:30:00",40609,12.29,20.51,20.03,0.521,17.95
"2020-06-18 18:45:00",40610,12.22,20.18,19.72,0.52,17.94
"2020-06-18 19:00:00",40611,12.23,20.04,19.59,0.52,17.94
"2020-06-18 19:15:00",40612,12.2,19.92,19.47,0.522,17.93
"2020-06-18 19:30:00",40613,12.25,19.79,19.35,0.521,17.92
"2020-06-18 19:45:00",40614,12.18,19.7,19.26,0.519,17.91
"2020-06-18 20:00:00",40615,12.27,19.61,19.19,0.52,17.9
"2020-06-18 20:15:00",40616,12.26,19.55,19.14,0.52,17.89
"2020-06-18 20:30:00",40617,12.21,19.5,19.09,0.519,17.89
"2020-06-18 20:45:00",40618,12.19,19.46,19.05,0.519,17.88
"2020-06-18 21:00:00",40619,12.16,19.42,19.05,0.518,17.88
"2020-06-18 21:15:00",40620,12.26,19.42,19.05,0.519,17.88
"2020-06-18 21:30:00",40621,12.28,19.41,19.04,0.519,17.87
"2020-06-18 21:45:00",40622,12.27,19.39,18.99,0.518,17.87
"2020-06-18 22:00:00",40623,12.22,19.33,18.9,0.518,17.86
"2020-06-18 22:15:00",40624,12.25,19.26,18.84,0.519,17.85
"2020-06-18 22:30:00",40625,12.25,19.21,18.8,0.518,17.85
"2020-06-18 22:45:00",40626,12.27,19.16,18.71,0.518,17.84
"2020-06-18 23:00:00",40627,12.2,19.2,18.76,0.517,17.83
"2020-06-18 23:15:00",40628,12.27,18.99,18.58,0.518,17.83
"2020-06-18 23:30:00",40629,12.27,18.94,18.53,0.518,17.82
"2020-06-18 23:45:00",40630,12.21,18.91,18.52,0.518,17.81
"2020-06-19 00:00:00",40631,12.18,18.9,18.53,0.518,17.81
"2020-06-19 00:15:00",40632,12.17,18.9,18.52,0.518,17.8
"2020-06-19 00:30:00",40633,12.22,18.9,18.52,0.516,17.8
"2020-06-19 00:45:00",40634,12.22,18.9,18.54,0.517,17.8
"2020-06-19 01:00:00",40635,12.19,18.93,18.58,0.518,17.8
"2020-06-19 01:15:00",40636,12.2,18.96,18.62,0.516,17.8
"2020-06-19 01:30:00",40637,12.24,19,18.64,0.517,17.8
"2020-06-19 01:45:00",40638,12.25,19.03,18.69,0.517,17.8
"2020-06-19 02:00:00",40639,12.2,19.09,18.71,0.517,17.8
"2020-06-19 02:15:00",40640,12.27,19.09,18.69,0.515,17.8
"2020-06-19 02:30:00",40641,12.23,19.02,18.62,0.515,17.8
"2020-06-19 02:45:00",40642,12.16,18.97,18.57,0.514,17.79
"2020-06-19 03:00:00",40643,12.19,18.93,18.51,0.516,17.79
"2020-06-19 03:15:00",40644,12.19,18.86,18.42,0.515,17.78
"2020-06-19 03:30:00",40645,12.24,18.79,18.37,0.515,17.76
"2020-06-19 03:45:00",40646,12.24,18.74,18.34,0.515,17.75
"2020-06-19 04:00:00",40647,12.17,18.7,18.3,0.514,17.74
"2020-06-19 04:15:00",40648,12.26,18.68,18.27,0.516,17.74
"2020-06-19 04:30:00",40649,12.18,18.64,18.26,0.514,17.73
"2020-06-19 04:45:00",40650,12.19,18.61,18.22,0.514,17.73
"2020-06-19 05:00:00",40651,12.21,18.61,18.22,0.515,17.73
"2020-06-19 05:15:00",40652,12.15,18.59,18.2,0.514,17.73
"2020-06-19 05:30:00",40653,12.24,18.62,18.23,0.514,17.73
"2020-06-19 05:45:00",40654,12.24,18.67,18.27,0.513,17.72
"2020-06-19 06:00:00",40655,12.28,18.68,18.3,0.514,17.73
"2020-06-19 06:15:00",40656,12.16,18.71,18.32,0.513,17.73
"2020-06-19 06:30:00",40657,12.26,18.73,18.35,0.513,17.73
"2020-06-19 06:45:00",40658,12.21,18.77,18.4,0.514,17.74
"2020-06-19 07:00:00",40659,12.27,18.82,18.46,0.513,17.75
"2020-06-19 07:15:00",40660,12.25,18.88,18.55,0.513,17.76
"2020-06-19 07:30:00",40661,12.19,18.99,18.67,0.513,17.78
"2020-06-19 07:45:00",40662,12.2,19.12,18.83,0.514,17.8
"2020-06-19 08:00:00",40663,12.27,19.26,18.96,0.513,17.82
"2020-06-19 08:15:00",40664,12.22,19.43,19.19,0.513,17.85
"2020-06-19 08:30:00",40665,12.19,19.64,19.43,0.513,17.88
"2020-06-19 08:45:00",40666,12.3,19.95,19.86,0.513,17.93
"2020-06-19 09:00:00",40667,12.27,20.28,20.1,0.512,17.99
"2020-06-19 09:15:00",40668,12.25,20.44,20.21,0.513,18.02
"2020-06-19 09:30:00",40669,12.33,20.63,20.51,0.513,18.06
"2020-06-19 09:45:00",40670,12.27,21,21.06,0.511,18.13
"2020-06-19 10:00:00",40671,12.26,21.44,21.51,0.512,18.21
"2020-06-19 10:15:00",40672,12.34,21.92,21.89,0.511,18.26
"2020-06-19 10:30:00",40673,12.26,22.33,22.36,0.513,18.33
"2020-06-19 10:45:00",40674,12.26,22.47,22.33,0.511,18.36
"2020-06-19 11:00:00",40675,12.34,22.54,22.28,0.512,18.38
"2020-06-19 11:15:00",40676,12.34,22.52,22.23,0.511,18.41
"2020-06-19 11:30:00",40677,12.27,22.46,22.14,0.51,18.43
"2020-06-19 11:45:00",40678,12.34,22.82,22.92,0.512,18.53
"2020-06-19 12:00:00",40679,12.29,22.81,22.43,0.511,18.51
"2020-06-19 12:15:00",40680,12.22,22.6,22.15,0.51,18.52
"2020-06-19 12:30:00",40681,12.26,22.35,21.88,0.51,18.5
"2020-06-19 12:45:00",40682,12.28,22.17,21.74,0.509,18.49
"2020-06-19 13:00:00",40683,12.28,22.02,21.6,0.51,18.49
"2020-06-19 13:15:00",40684,12.25,21.85,21.39,0.508,18.49
"2020-06-19 13:30:00",40685,12.2,21.8,21.33,0.509,18.48
"2020-06-19 13:45:00",40686,12.23,21.47,21.02,0.509,18.47
"2020-06-19 14:00:00",40687,12.25,21.25,20.65,0.511,18.45
"2020-06-19 14:15:00",40688,12.26,20.87,20.28,0.512,18.43
"2020-06-19 14:30:00",40689,12.22,20.58,20.06,0.512,18.4
"2020-06-19 14:45:00",40690,12.21,20.46,20.01,0.512,18.37
"2020-06-19 15:00:00",40691,12.29,20.52,20.06,0.511,18.35
"2020-06-19 15:15:00",40692,12.19,20.27,19.77,0.51,18.35
"2020-06-19 15:30:00",40693,12.33,20.26,19.86,0.51,18.37
"2020-06-19 15:45:00",40694,12.28,20.44,20.17,0.51,18.44
"2020-06-19 16:00:00",40695,12.24,20.81,20.68,0.511,18.5
"2020-06-19 16:15:00",40696,12.29,21.13,20.91,0.509,18.55
"2020-06-19 16:30:00",40697,12.27,21.24,20.9,0.509,18.58
"2020-06-19 16:45:00",40698,12.31,21.24,20.88,0.509,18.6
"2020-06-19 17:00:00",40699,12.2,21.24,20.85,0.51,18.6
"2020-06-19 17:15:00",40700,12.23,21.21,20.82,0.508,18.59
"2020-06-19 17:30:00",40701,12.22,21.1,20.65,0.508,18.58
"2020-06-19 17:45:00",40702,12.26,21.01,20.59,0.51,18.58
"2020-06-19 18:00:00",40703,12.29,20.94,20.54,0.507,18.58
"2020-06-19 18:15:00",40704,12.21,20.89,20.48,0.508,18.58
"2020-06-19 18:30:00",40705,12.19,20.82,20.37,0.508,18.57
"2020-06-19 18:45:00",40706,12.21,20.67,20.22,0.508,18.55
"2020-06-19 19:00:00",40707,12.25,20.52,20.07,0.509,18.54
"2020-06-19 19:15:00",40708,12.19,20.38,19.92,0.508,18.53
"2020-06-19 19:30:00",40709,12.19,20.24,19.79,0.507,18.5
"2020-06-19 19:45:00",40710,12.25,20.11,19.65,0.508,18.48
"2020-06-19 20:00:00",40711,12.28,19.99,19.55,0.508,18.47
"2020-06-19 20:15:00",40712,12.22,19.9,19.46,0.509,18.46
"2020-06-19 20:30:00",40713,12.18,19.85,19.43,0.508,18.45
"2020-06-19 20:45:00",40714,12.18,19.8,19.4,0.507,18.43
"2020-06-19 21:00:00",40715,12.27,19.76,19.36,0.509,18.43
"2020-06-19 21:15:00",40716,12.25,19.73,19.34,0.507,18.42
"2020-06-19 21:30:00",40717,12.17,19.7,19.3,0.508,18.42
"2020-06-19 21:45:00",40718,12.21,19.66,19.23,0.508,18.43
"2020-06-19 22:00:00",40719,12.18,19.59,19.17,0.507,18.43
"2020-06-19 22:15:00",40720,12.25,19.52,19.08,0.508,18.43
"2020-06-19 22:30:00",40721,12.19,19.42,18.94,0.507,18.42
"2020-06-19 22:45:00",40722,12.24,19.31,18.86,0.508,18.42
"2020-06-19 23:00:00",40723,12.21,19.22,18.76,0.507,18.41
"2020-06-19 23:15:00",40724,12.23,19.24,18.78,0.507,18.39
"2020-06-19 23:30:00",40725,12.18,19.16,18.72,0.506,18.37
"2020-06-19 23:45:00",40726,12.21,18.93,18.44,0.507,18.35
"2020-06-20 00:00:00",40727,12.27,18.79,18.34,0.506,18.34
"2020-06-20 00:15:00",40728,12.18,18.68,18.19,0.507,18.32
"2020-06-20 00:30:00",40729,12.19,18.57,18.11,0.507,18.31
"2020-06-20 00:45:00",40730,12.21,18.48,18.07,0.507,18.31
"2020-06-20 01:00:00",40731,12.18,18.45,18.01,0.507,18.3
"2020-06-20 01:15:00",40732,12.16,18.43,18.07,0.507,18.3
"2020-06-20 01:30:00",40733,12.17,18.52,18.21,0.506,18.32
"2020-06-20 01:45:00",40734,12.25,18.69,18.36,0.506,18.31
"2020-06-20 02:00:00",40735,12.18,18.78,18.42,0.505,18.3
"2020-06-20 02:15:00",40736,12.21,18.78,18.4,0.505,18.29
"2020-06-20 02:30:00",40737,12.25,18.76,18.36,0.504,18.28
"2020-06-20 02:45:00",40738,12.17,18.73,18.32,0.506,18.27
"2020-06-20 03:00:00",40739,12.24,18.7,18.3,0.507,18.26
"2020-06-20 03:15:00",40740,12.22,18.69,18.31,0.506,18.25
"2020-06-20 03:30:00",40741,12.24,18.66,18.25,0.506,18.23
"2020-06-20 03:45:00",40742,12.25,18.62,18.21,0.507,18.22
"2020-06-20 04:00:00",40743,12.24,18.61,18.22,0.505,18.21
"2020-06-20 04:15:00",40744,12.25,18.61,18.21,0.507,18.19
"2020-06-20 04:30:00",40745,12.18,18.57,18.14,0.505,18.17
"2020-06-20 04:45:00",40746,12.25,18.48,18.04,0.506,18.15
"2020-06-20 05:00:00",40747,12.21,18.39,17.95,0.506,18.12
"2020-06-20 05:15:00",40748,12.23,18.31,17.86,0.506,18.1
"2020-06-20 05:30:00",40749,12.26,18.26,17.88,0.506,18.09
"2020-06-20 05:45:00",40750,12.27,18.37,18.01,0.505,18.08
"2020-06-20 06:00:00",40751,12.19,18.46,18.1,0.505,18.07
"2020-06-20 06:15:00",40752,12.19,18.53,18.21,0.505,18.08
"2020-06-20 06:30:00",40753,12.18,18.65,18.35,0.505,18.1
"2020-06-20 06:45:00",40754,12.18,18.82,18.54,0.507,18.12
"2020-06-20 07:00:00",40755,12.18,18.98,18.7,0.506,18.14
"2020-06-20 07:15:00",40756,12.2,19.1,18.77,0.506,18.16
"2020-06-20 07:30:00",40757,12.19,19.18,18.84,0.505,18.17
"2020-06-20 07:45:00",40758,12.27,19.24,18.89,0.506,18.19
"2020-06-20 08:00:00",40759,12.16,19.3,18.95,0.506,18.21
"2020-06-20 08:15:00",40760,12.28,19.4,19.09,0.505,18.24
"2020-06-20 08:30:00",40761,12.21,19.55,19.28,0.507,18.27
"2020-06-20 08:45:00",40762,12.3,19.76,19.66,0.504,18.32
"2020-06-20 09:00:00",40763,12.29,20.09,19.97,0.507,18.38
"2020-06-20 09:15:00",40764,12.26,20.46,20.43,0.505,18.44
"2020-06-20 09:30:00",40765,12.21,20.83,20.84,0.505,18.5
"2020-06-20 09:45:00",40766,12.32,21.21,21.18,0.505,18.57
"2020-06-20 10:00:00",40767,12.26,21.58,21.59,0.506,18.65
"2020-06-20 10:15:00",40768,12.34,22.01,21.99,0.505,18.71
"2020-06-20 10:30:00",40769,12.29,22.36,22.35,0.504,18.8
"2020-06-20 10:45:00",40770,12.25,22.75,22.91,0.505,18.88
"2020-06-20 11:00:00",40771,12.33,23.23,23.39,0.504,18.98
"2020-06-20 11:15:00",40772,12.28,23.46,23.36,0.504,19.05
"2020-06-20 11:30:00",40773,12.23,23.66,23.62,0.504,19.15
"2020-06-20 11:45:00",40774,12.34,23.91,23.9,0.504,19.22
"2020-06-20 12:00:00",40775,12.37,24.19,24.14,0.503,19.33
"2020-06-20 12:15:00",40776,12.37,24.45,24.48,0.504,19.46
"2020-06-20 12:30:00",40777,12.29,24.73,24.63,0.504,19.56
"2020-06-20 12:45:00",40778,12.37,25.01,24.9,0.503,19.67
"2020-06-20 13:00:00",40779,12.74,29,28.74,0.503,19.77
"2020-06-20 13:15:00",40780,12.46,26.48,25.97,0.503,19.84
"2020-06-20 13:30:00",40781,12.35,25.83,25.54,0.503,19.91
"2020-06-20 13:45:00",40782,12.4,25.85,25.7,0.503,19.96
"2020-06-20 14:00:00",40783,12.39,25.87,25.61,0.503,19.93
"2020-06-20 14:15:00",40784,12.37,25.76,25.47,0.502,19.92
"2020-06-20 14:30:00",40785,12.35,25.71,25.5,0.502,19.89
"2020-06-20 14:45:00",40786,12.36,25.51,25.01,0.503,19.78
"2020-06-20 15:00:00",40787,12.31,24.86,23.87,0.503,19.7
"2020-06-20 15:15:00",40788,12.32,23.82,23.09,0.503,19.69
"2020-06-20 15:30:00",40789,12.37,23.35,22.92,0.504,19.7
"2020-06-20 15:45:00",40790,12.34,23.37,23.07,0.504,19.71
"2020-06-20 16:00:00",40791,12.36,23.54,23.31,0.504,19.73
"2020-06-20 16:15:00",40792,12.32,23.68,23.42,0.504,19.75
"2020-06-20 16:30:00",40793,12.36,23.82,23.57,0.502,19.77
"2020-06-20 16:45:00",40794,12.28,23.9,23.66,0.503,19.77
"2020-06-20 17:00:00",40795,12.35,23.94,23.66,0.503,19.78
"2020-06-20 17:15:00",40796,12.31,23.94,23.6,0.503,19.8
"2020-06-20 17:30:00",40797,12.27,23.92,23.56,0.502,19.81
"2020-06-20 17:45:00",40798,12.31,23.84,23.49,0.502,19.82
"2020-06-20 18:00:00",40799,12.27,23.8,23.52,0.502,19.81
"2020-06-20 18:15:00",40800,12.28,23.76,23.39,0.503,19.79
"2020-06-20 18:30:00",40801,12.33,23.67,23.22,0.503,19.79
"2020-06-20 18:45:00",40802,12.33,23.44,22.96,0.502,19.78
"2020-06-20 19:00:00",40803,12.33,23.27,22.81,0.502,19.77
"2020-06-20 19:15:00",40804,12.32,23.2,22.7,0.502,19.74
"2020-06-20 19:30:00",40805,12.3,22.74,22.24,0.501,19.71
"2020-06-20 19:45:00",40806,12.3,22.47,21.95,0.502,19.66
"2020-06-20 20:00:00",40807,12.27,22.19,21.67,0.503,19.63
"2020-06-20 20:15:00",40808,12.22,21.97,21.5,0.503,19.59
"2020-06-20 20:30:00",40809,12.23,21.85,21.4,0.503,19.57
"2020-06-20 20:45:00",40810,12.3,21.72,21.22,0.502,19.54
"2020-06-20 21:00:00",40811,12.22,21.49,20.97,0.503,19.51
"2020-06-20 21:15:00",40812,12.23,21.27,20.74,0.501,19.51
"2020-06-20 21:30:00",40813,12.23,21.04,20.54,0.502,19.53
"2020-06-20 21:45:00",40814,12.29,20.86,20.34,0.501,19.56
"2020-06-20 22:00:00",40815,12.2,20.7,20.22,0.501,19.57
"2020-06-20 22:15:00",40816,12.25,20.53,20.04,0.502,19.57
"2020-06-20 22:30:00",40817,12.22,20.46,19.98,0.501,19.56
"2020-06-20 22:45:00",40818,12.29,20.3,19.8,0.502,19.54
"2020-06-20 23:00:00",40819,12.21,20.19,19.72,0.501,19.53
"2020-06-20 23:15:00",40820,12.23,20.1,19.62,0.502,19.51
"2020-06-20 23:30:00",40821,12.27,20,19.53,0.501,19.48
"2020-06-20 23:45:00",40822,12.29,19.9,19.45,0.502,19.45
"2020-06-21 00:00:00",40823,12.24,19.82,19.32,0.502,19.42
"2020-06-21 00:15:00",40824,12.28,19.72,19.25,0.501,19.4
"2020-06-21 00:30:00",40825,12.21,19.65,19.19,0.502,19.37
"2020-06-21 00:45:00",40826,12.23,19.55,19.07,0.502,19.34
"2020-06-21 01:00:00",40827,12.28,19.45,18.99,0.501,19.32
"2020-06-21 01:15:00",40828,12.25,19.44,19.01,0.5,19.31
"2020-06-21 01:30:00",40829,12.26,19.38,18.95,0.501,19.3
"2020-06-21 01:45:00",40830,12.3,19.36,18.94,0.5,19.28
"2020-06-21 02:00:00",40831,12.27,19.37,18.96,0.503,19.27
"2020-06-21 02:15:00",40832,12.23,19.32,18.88,0.501,19.26
"2020-06-21 02:30:00",40833,12.29,19.28,18.83,0.501,19.25
"2020-06-21 02:45:00",40834,12.26,19.23,18.78,0.5,19.24
"2020-06-21 03:00:00",40835,12.19,19.28,18.82,0.5,19.23
"2020-06-21 03:15:00",40836,12.21,19.23,18.79,0.501,19.22
"2020-06-21 03:30:00",40837,12.23,19.19,18.73,0.5,19.21
"2020-06-21 03:45:00",40838,12.25,18.96,18.49,0.501,19.21
"2020-06-21 04:00:00",40839,12.27,18.86,18.4,0.501,19.19
"2020-06-21 04:15:00",40840,12.18,18.78,18.32,0.499,19.17
"2020-06-21 04:30:00",40841,12.26,18.71,18.24,0.5,19.16
"2020-06-21 04:45:00",40842,12.28,18.61,18.15,0.5,19.15
"2020-06-21 05:00:00",40843,12.23,18.54,18.07,0.501,19.14
"2020-06-21 05:15:00",40844,12.19,18.47,18.02,0.499,19.13
"2020-06-21 05:30:00",40845,12.25,18.44,17.98,0.5,19.13
"2020-06-21 05:45:00",40846,12.2,18.43,18,0.5,19.13
"2020-06-21 06:00:00",40847,12.18,18.47,18.08,0.5,19.14
"2020-06-21 06:15:00",40848,12.24,18.56,18.2,0.499,19.15
"2020-06-21 06:30:00",40849,12.26,18.67,18.33,0.499,19.16
"2020-06-21 06:45:00",40850,12.2,18.86,18.61,0.5,19.19
"2020-06-21 07:00:00",40851,12.25,19.09,18.84,0.499,19.21
"2020-06-21 07:15:00",40852,12.22,19.39,19.22,0.5,19.25
"2020-06-21 07:30:00",40853,12.27,19.72,19.56,0.499,19.28
"2020-06-21 07:45:00",40854,12.2,20.02,19.85,0.5,19.31
"2020-06-21 08:00:00",40855,12.18,20.36,20.22,0.5,19.34
"2020-06-21 08:15:00",40856,12.27,20.75,20.67,0.5,19.39
"2020-06-21 08:30:00",40857,12.22,21.12,21.08,0.499,19.44
"2020-06-21 08:45:00",40858,12.22,21.46,21.47,0.499,19.49
"2020-06-21 09:00:00",40859,12.22,22,21.96,0.499,19.55
"2020-06-21 09:15:00",40860,12.24,22.25,22.28,0.499,19.61
"2020-06-21 09:30:00",40861,12.32,22.63,22.72,0.5,19.68
"2020-06-21 09:45:00",40862,12.32,23.03,23.16,0.499,19.75
"2020-06-21 10:00:00",40863,12.3,23.4,23.47,0.499,19.79
"2020-06-21 10:15:00",40864,12.28,23.88,23.98,0.499,19.85
"2020-06-21 10:30:00",40865,12.28,24.11,24.03,0.499,19.9
"2020-06-21 10:45:00",40866,12.36,24.45,24.65,0.499,19.97
"2020-06-21 11:00:00",40867,12.37,24.94,25.17,0.498,20.04
"2020-06-21 11:15:00",40868,12.31,25.32,25.32,0.499,20.1
"2020-06-21 11:30:00",40869,12.33,25.57,25.56,0.498,20.19
"2020-06-21 11:45:00",40870,12.37,25.77,25.61,0.499,20.23
"2020-06-21 12:00:00",40871,12.38,25.98,25.97,0.499,20.31
"2020-06-21 12:15:00",40872,12.3,26.38,26.5,0.498,20.41
"2020-06-21 12:30:00",40873,12.31,26.81,26.94,0.497,20.5
"2020-06-21 12:45:00",40874,12.39,27,26.82,0.498,20.53
"2020-06-21 13:00:00",40875,12.35,26.99,26.62,0.498,20.55
"2020-06-21 13:15:00",40876,12.35,26.45,25.88,0.499,20.47
"2020-06-21 13:30:00",40877,12.35,26.27,25.99,0.499,20.55
"2020-06-21 13:45:00",40878,12.32,26.3,26.16,0.498,20.56
"2020-06-21 14:00:00",40879,12.31,26.61,26.67,0.497,20.65
"2020-06-21 14:15:00",40880,12.27,26.89,26.8,0.498,20.69
"2020-06-21 14:30:00",40881,12.36,26.97,26.78,0.498,20.73
"2020-06-21 14:45:00",40882,12.33,27.09,26.97,0.497,20.77
"2020-06-21 15:00:00",40883,12.31,27.15,26.89,0.497,20.74
"2020-06-21 15:15:00",40884,12.27,26.87,26.38,0.497,20.69
"2020-06-21 15:30:00",40885,12.34,26.39,25.8,0.496,20.64
"2020-06-21 15:45:00",40886,12.34,25.87,25.36,0.497,20.59
"2020-06-21 16:00:00",40887,12.27,25.52,25.06,0.497,20.58
"2020-06-21 16:15:00",40888,12.29,25.2,24.74,0.497,20.57
"2020-06-21 16:30:00",40889,12.24,24.87,24.32,0.497,20.57
"2020-06-21 16:45:00",40890,12.32,24.52,24.03,0.497,20.57
"2020-06-21 17:00:00",40891,12.27,24.29,23.84,0.495,20.55
"2020-06-21 17:15:00",40892,12.27,24.12,23.68,0.497,20.56
"2020-06-21 17:30:00",40893,12.25,24,23.59,0.497,20.58
"2020-06-21 17:45:00",40894,12.32,23.91,23.52,0.497,20.59
"2020-06-21 18:00:00",40895,12.23,23.84,23.41,0.497,20.58
"2020-06-21 18:15:00",40896,12.26,23.75,23.32,0.497,20.54
"2020-06-21 18:30:00",40897,12.32,23.65,23.23,0.496,20.48
"2020-06-21 18:45:00",40898,12.21,23.59,23.16,0.498,20.43
"2020-06-21 19:00:00",40899,12.25,23.49,23.07,0.498,20.39
"2020-06-21 19:15:00",40900,12.21,23.35,22.93,0.497,20.37
"2020-06-21 19:30:00",40901,12.29,23.2,22.76,0.496,20.35
"2020-06-21 19:45:00",40902,12.21,23.09,22.64,0.497,20.33
"2020-06-21 20:00:00",40903,12.21,22.94,22.47,0.496,20.31
"2020-06-21 20:15:00",40904,12.23,22.76,22.3,0.497,20.29
"2020-06-21 20:30:00",40905,12.21,22.63,22.17,0.497,20.27
"2020-06-21 20:45:00",40906,12.31,22.5,22.03,0.497,20.27
"2020-06-21 21:00:00",40907,12.21,22.36,21.87,0.497,20.26
"2020-06-21 21:15:00",40908,12.28,22.19,21.7,0.497,20.26
"2020-06-21 21:30:00",40909,12.19,22.02,21.51,0.498,20.26
"2020-06-21 21:45:00",40910,12.28,21.86,21.37,0.498,20.26
"2020-06-21 22:00:00",40911,12.2,21.85,21.35,0.498,20.26
"2020-06-21 22:15:00",40912,12.21,21.54,21.04,0.498,20.26
"2020-06-21 22:30:00",40913,12.21,21.38,20.87,0.497,20.23
"2020-06-21 22:45:00",40914,12.29,21.23,20.73,0.497,20.2
"2020-06-21 23:00:00",40915,12.2,21.11,20.61,0.496,20.18
"2020-06-21 23:15:00",40916,12.18,20.98,20.5,0.495,20.16
"2020-06-21 23:30:00",40917,12.21,20.85,20.35,0.496,20.14
"2020-06-21 23:45:00",40918,12.29,20.74,20.25,0.495,20.15
"2020-06-22 00:00:00",40919,12.26,20.65,20.17,0.496,20.16
"2020-06-22 00:15:00",40920,12.21,20.56,20.1,0.497,20.17
"2020-06-22 00:30:00",40921,12.22,20.48,20.03,0.496,20.19
"2020-06-22 00:45:00",40922,12.18,20.59,20.15,0.495,20.19
"2020-06-22 01:00:00",40923,12.25,20.56,20.11,0.497,20.19
"2020-06-22 01:15:00",40924,12.26,20.42,19.98,0.496,20.19
"2020-06-22 01:30:00",40925,12.27,20.41,19.99,0.496,20.19
"2020-06-22 01:45:00",40926,12.24,20.41,19.98,0.495,20.18
"2020-06-22 02:00:00",40927,12.25,20.4,19.99,0.495,20.17
"2020-06-22 02:15:00",40928,12.21,20.34,19.89,0.496,20.16
"2020-06-22 02:30:00",40929,12.25,20.32,19.9,0.496,20.15
"2020-06-22 02:45:00",40930,12.2,20.29,19.87,0.495,20.15
"2020-06-22 03:00:00",40931,12.21,20.3,19.93,0.496,20.15
"2020-06-22 03:15:00",40932,12.22,20.37,20,0.497,20.15
"2020-06-22 03:30:00",40933,12.22,20.44,20.08,0.496,20.17
"2020-06-22 03:45:00",40934,12.2,20.62,20.25,0.495,20.17
"2020-06-22 04:00:00",40935,12.2,20.51,20.15,0.497,20.17
"2020-06-22 04:15:00",40936,12.19,20.54,20.18,0.496,20.17
"2020-06-22 04:30:00",40937,12.19,20.6,20.24,0.496,20.17
"2020-06-22 04:45:00",40938,12.28,20.63,20.27,0.495,20.16
"2020-06-22 05:00:00",40939,12.18,20.66,20.29,0.497,20.15
"2020-06-22 05:15:00",40940,12.2,20.7,20.34,0.496,20.14
"2020-06-22 05:30:00",40941,12.17,20.79,20.43,0.494,20.14
"2020-06-22 05:45:00",40942,12.24,20.85,20.47,0.496,20.14
"2020-06-22 06:00:00",40943,12.23,20.89,20.53,0.496,20.13
"2020-06-22 06:15:00",40944,12.2,20.9,20.53,0.497,20.13
"2020-06-22 06:30:00",40945,12.18,20.95,20.59,0.495,20.14
"2020-06-22 06:45:00",40946,12.24,21.03,20.68,0.497,20.14
"2020-06-22 07:00:00",40947,12.21,21.11,20.78,0.497,20.15
"2020-06-22 07:15:00",40948,12.2,21.22,20.92,0.496,20.17
"2020-06-22 07:30:00",40949,12.24,21.4,21.16,0.497,20.2
"2020-06-22 07:45:00",40950,12.27,21.59,21.34,0.496,20.22
"2020-06-22 08:00:00",40951,12.28,21.77,21.54,0.497,20.24
"2020-06-22 08:15:00",40952,12.24,21.94,21.68,0.496,20.26
"2020-06-22 08:30:00",40953,12.27,22.09,21.84,0.496,20.28
"2020-06-22 08:45:00",40954,12.23,22.3,22.11,0.496,20.3
"2020-06-22 09:00:00",40955,12.29,22.54,22.36,0.497,20.32
"2020-06-22 09:15:00",40956,12.23,22.78,22.62,0.496,20.34
"2020-06-22 09:30:00",40957,12.3,23.07,23.01,0.496,20.38
"2020-06-22 09:45:00",40958,12.3,23.39,23.3,0.496,20.42
"2020-06-22 10:00:00",40959,12.32,23.77,23.81,0.494,20.47
"2020-06-22 10:15:00",40960,12.31,24.24,24.26,0.496,20.53
"2020-06-22 10:30:00",40961,12.27,24.61,24.55,0.495,20.58
"2020-06-22 10:45:00",40962,12.3,25.03,25.22,0.495,20.66
"2020-06-22 11:00:00",40963,12.35,25.59,25.84,0.495,20.74
"2020-06-22 11:15:00",40964,12.3,26.07,26.17,0.495,20.84
"2020-06-22 11:30:00",40965,12.29,26.16,25.88,0.495,20.87
"2020-06-22 11:45:00",40966,12.35,26.02,25.68,0.495,20.88
"2020-06-22 12:00:00",40967,12.31,26.15,26.06,0.495,20.93
"2020-06-22 12:15:00",40968,12.38,26.44,26.43,0.494,20.97
"2020-06-22 12:30:00",40969,12.4,26.78,26.79,0.494,21.07
"2020-06-22 12:45:00",40970,12.29,27.16,27.11,0.494,21.12
"2020-06-22 13:00:00",40971,12.81,27.79,27.43,0.495,21.06
"2020-06-22 13:15:00",40972,12.43,27.95,27.65,0.494,21.14
"2020-06-22 13:30:00",40973,12.41,27.53,27.24,0.493,21.14
"2020-06-22 13:45:00",40974,12.3,27.23,26.69,0.495,21.07
"2020-06-22 14:00:00",40975,12.31,26.96,26.55,0.493,21.11
"2020-06-22 14:15:00",40976,12.32,26.97,26.88,0.494,21.16
"2020-06-22 14:30:00",40977,12.41,27.26,27.17,0.494,21.17
"2020-06-22 14:45:00",40978,12.34,27.42,27.35,0.493,21.18
"2020-06-22 15:00:00",40979,12.3,27.7,27.68,0.494,21.2
"2020-06-22 15:15:00",40980,12.37,27.81,27.65,0.494,21.2
"2020-06-22 15:30:00",40981,12.38,27.84,27.67,0.496,21.19
"2020-06-22 15:45:00",40982,12.3,27.87,27.66,0.493,21.18
"2020-06-22 16:00:00",40983,12.32,27.82,27.58,0.494,21.18
"2020-06-22 16:15:00",40984,12.35,27.76,27.46,0.494,21.18
"2020-06-22 16:30:00",40985,12.33,27.5,27.1,0.493,21.16
"2020-06-22 16:45:00",40986,12.36,27.35,27.08,0.493,21.14
"2020-06-22 17:00:00",40987,12.27,27.33,26.96,0.494,21.12
"2020-06-22 17:15:00",40988,12.28,27.01,26.58,0.494,21.11
"2020-06-22 17:30:00",40989,12.27,26.8,26.4,0.493,21.1
"2020-06-22 17:45:00",40990,12.26,26.53,26.05,0.494,21.07
"2020-06-22 18:00:00",40991,12.31,26.23,25.74,0.493,21.04
"2020-06-22 18:15:00",40992,12.23,25.96,25.54,0.494,21.03
"2020-06-22 18:30:00",40993,12.3,25.92,25.5,0.493,21.04
"2020-06-22 18:45:00",40994,12.28,25.54,25.06,0.493,21.05
"2020-06-22 19:00:00",40995,12.29,25.23,24.74,0.493,21.05
"2020-06-22 19:15:00",40996,12.26,24.89,24.38,0.493,21.05
"2020-06-22 19:30:00",40997,12.33,24.56,24.07,0.493,21.06
"2020-06-22 19:45:00",40998,12.28,24.31,23.81,0.494,21.09
"2020-06-22 20:00:00",40999,12.29,24,23.48,0.494,21.09
"2020-06-22 20:15:00",41000,12.29,23.76,23.27,0.494,21.07
"2020-06-22 20:30:00",41001,12.24,23.52,23,0.494,21.06
"2020-06-22 20:45:00",41002,12.21,23.22,22.66,0.494,21.05
"2020-06-22 21:00:00",41003,12.22,22.89,22.32,0.495,21.04
"2020-06-22 21:15:00",41004,12.22,22.59,22.04,0.495,21.02
"2020-06-22 21:30:00",41005,12.23,22.31,21.76,0.494,21
"2020-06-22 21:45:00",41006,12.23,22.06,21.5,0.494,20.97
"2020-06-22 22:00:00",41007,12.27,21.93,21.37,0.495,20.94
"2020-06-22 22:15:00",41008,12.22,21.56,21.01,0.494,20.91
"2020-06-22 22:30:00",41009,12.23,21.32,20.78,0.494,20.89
"2020-06-22 22:45:00",41010,12.3,21.12,20.59,0.494,20.87
"2020-06-22 23:00:00",41011,12.26,20.93,20.39,0.495,20.86
"2020-06-22 23:15:00",41012,12.23,20.75,20.23,0.495,20.85
"2020-06-22 23:30:00",41013,12.27,20.62,20.14,0.494,20.83
"2020-06-22 23:45:00",41014,12.21,20.54,20.05,0.494,20.81
"2020-06-23 00:00:00",41015,12.2,20.58,20.11,0.494,20.79
"2020-06-23 00:15:00",41016,12.27,20.39,19.92,0.494,20.78
"2020-06-23 00:30:00",41017,12.24,20.29,19.82,0.495,20.77
"2020-06-23 00:45:00",41018,12.22,20.24,19.79,0.494,20.76
"2020-06-23 01:00:00",41019,12.23,20.22,19.77,0.495,20.76
"2020-06-23 01:15:00",41020,12.26,20.18,19.73,0.494,20.76
"2020-06-23 01:30:00",41021,12.28,20.12,19.66,0.494,20.75
"2020-06-23 01:45:00",41022,12.26,20.07,19.62,0.493,20.73
"2020-06-23 02:00:00",41023,12.28,20,19.54,0.494,20.72
"2020-06-23 02:15:00",41024,12.18,19.94,19.49,0.493,20.72
"2020-06-23 02:30:00",41025,12.25,19.96,19.58,0.493,20.71
"2020-06-23 02:45:00",41026,12.26,20.01,19.69,0.493,20.71
"2020-06-23 03:00:00",41027,12.26,20.09,19.76,0.493,20.69
"2020-06-23 03:15:00",41028,12.23,20.27,20,0.494,20.68
"2020-06-23 03:30:00",41029,12.2,20.45,20.12,0.494,20.67
"2020-06-23 03:45:00",41030,12.22,20.59,20.14,0.493,20.66
"2020-06-23 04:00:00",41031,12.22,20.36,19.91,0.492,20.64
"2020-06-23 04:15:00",41032,12.19,20.27,19.85,0.494,20.63
"2020-06-23 04:30:00",41033,12.25,20.28,19.93,0.494,20.61
"2020-06-23 04:45:00",41034,12.22,20.37,20.04,0.494,20.6
"2020-06-23 05:00:00",41035,12.24,20.49,20.14,0.493,20.59
"2020-06-23 05:15:00",41036,12.19,20.52,20.1,0.494,20.59
"2020-06-23 05:30:00",41037,12.21,20.57,20.22,0.494,20.59
"2020-06-23 05:45:00",41038,12.25,20.67,20.33,0.494,20.59
"2020-06-23 06:00:00",41039,12.24,20.77,20.41,0.496,20.59
"2020-06-23 06:15:00",41040,12.21,20.79,20.42,0.495,20.6
"2020-06-23 06:30:00",41041,12.25,20.89,20.59,0.494,20.62
"2020-06-23 06:45:00",41042,12.24,21.04,20.75,0.493,20.65
"2020-06-23 07:00:00",41043,12.23,21.2,20.93,0.495,20.67
"2020-06-23 07:15:00",41044,12.28,21.37,21.12,0.494,20.69
"2020-06-23 07:30:00",41045,12.18,21.57,21.33,0.495,20.71
"2020-06-23 07:45:00",41046,12.26,21.79,21.57,0.495,20.74
"2020-06-23 08:00:00",41047,12.29,22.03,21.82,0.494,20.78
"2020-06-23 08:15:00",41048,12.22,22.33,22.22,0.495,20.81
"2020-06-23 08:30:00",41049,12.22,22.66,22.6,0.493,20.86
"2020-06-23 08:45:00",41050,12.21,22.94,22.82,0.494,20.9
"2020-06-23 09:00:00",41051,12.24,23.28,23.19,0.493,20.95
"2020-06-23 09:15:00",41052,12.29,23.59,23.53,0.493,21
"2020-06-23 09:30:00",41053,12.33,23.81,23.65,0.493,21.03
"2020-06-23 09:45:00",41054,12.31,24.12,24.07,0.494,21.08
"2020-06-23 10:00:00",41055,12.3,24.41,24.37,0.494,21.12
"2020-06-23 10:15:00",41056,12.3,24.68,24.58,0.493,21.16
"2020-06-23 10:30:00",41057,12.24,24.86,24.67,0.492,21.18
"2020-06-23 10:45:00",41058,12.29,24.89,24.63,0.494,21.19
"2020-06-23 11:00:00",41059,12.34,24.9,24.65,0.493,21.21
"2020-06-23 11:15:00",41060,12.29,25.06,24.91,0.494,21.24
"2020-06-23 11:30:00",41061,12.28,25.26,25.08,0.493,21.26
"2020-06-23 11:45:00",41062,12.33,25.44,25.29,0.492,21.29
"2020-06-23 12:00:00",41063,12.31,25.76,25.83,0.492,21.38
"2020-06-23 12:15:00",41064,12.29,26.24,26.37,0.493,21.51
"2020-06-23 12:30:00",41065,12.31,26.61,26.59,0.494,21.61
"2020-06-23 12:45:00",41066,12.27,26.87,26.75,0.491,21.69
"2020-06-23 13:00:00",41067,12.44,28.89,28.65,0.493,21.73
"2020-06-23 13:15:00",41068,12.36,27.33,26.7,0.494,21.67
"2020-06-23 13:30:00",41069,12.39,26.99,26.69,0.493,21.75
"2020-06-23 13:45:00",41070,12.37,26.79,26.34,0.493,21.66
"2020-06-23 14:00:00",41071,12.31,26.59,26.19,0.491,21.62
"2020-06-23 14:15:00",41072,12.28,26.48,26.13,0.493,21.59
"2020-06-23 14:30:00",41073,12.26,26.22,25.69,0.494,21.54
"2020-06-23 14:45:00",41074,12.27,25.49,24.69,0.495,21.53
"2020-06-23 15:00:00",41075,12.26,24.82,24.26,0.496,21.53
"2020-06-23 15:15:00",41076,12.29,24.53,24.07,0.494,21.52
"2020-06-23 15:30:00",41077,12.32,24.32,23.87,0.495,21.51
"2020-06-23 15:45:00",41078,12.32,24.2,23.8,0.495,21.49
"2020-06-23 16:00:00",41079,12.3,24.09,23.69,0.493,21.46
"2020-06-23 16:15:00",41080,12.26,24.01,23.56,0.494,21.46
"2020-06-23 16:30:00",41081,12.25,23.85,23.38,0.494,21.48
"2020-06-23 16:45:00",41082,12.23,23.7,23.25,0.494,21.5
"2020-06-23 17:00:00",41083,12.24,23.59,23.18,0.496,21.52
"2020-06-23 17:15:00",41084,12.31,23.58,23.21,0.495,21.51
"2020-06-23 17:30:00",41085,12.24,23.68,23.35,0.495,21.5
"2020-06-23 17:45:00",41086,12.29,23.76,23.43,0.496,21.51
"2020-06-23 18:00:00",41087,12.21,23.84,23.52,0.495,21.54
"2020-06-23 18:15:00",41088,12.23,23.85,23.47,0.494,21.57
"2020-06-23 18:30:00",41089,12.22,23.79,23.41,0.495,21.58
"2020-06-23 18:45:00",41090,12.27,23.77,23.36,0.495,21.57
"2020-06-23 19:00:00",41091,12.18,23.69,23.24,0.495,21.56
"2020-06-23 19:15:00",41092,12.2,23.54,23.1,0.493,21.55
"2020-06-23 19:30:00",41093,12.24,23.4,22.97,0.494,21.53
"2020-06-23 19:45:00",41094,12.26,23.3,22.9,0.494,21.51
"2020-06-23 20:00:00",41095,12.22,23.23,22.82,0.493,21.5
"2020-06-23 20:15:00",41096,12.22,23.3,22.88,0.494,21.48
"2020-06-23 20:30:00",41097,12.18,23.21,22.78,0.494,21.47
"2020-06-23 20:45:00",41098,12.23,22.96,22.5,0.493,21.45
"2020-06-23 21:00:00",41099,12.25,22.78,22.29,0.494,21.41
"2020-06-23 21:15:00",41100,12.23,22.55,22.02,0.493,21.36
"2020-06-23 21:30:00",41101,12.18,22.29,21.73,0.493,21.29
"2020-06-23 21:45:00",41102,12.19,21.98,21.41,0.495,21.22
"2020-06-23 22:00:00",41103,12.22,21.7,21.12,0.492,21.15
"2020-06-23 22:15:00",41104,12.22,21.39,20.84,0.493,21.09
"2020-06-23 22:30:00",41105,12.23,21.2,20.74,0.492,21.02
"2020-06-23 22:45:00",41106,12.23,21.1,20.71,0.492,20.98
"2020-06-23 23:00:00",41107,12.25,21.11,20.72,0.493,20.98
"2020-06-23 23:15:00",41108,12.23,21.17,20.86,0.493,20.98
"2020-06-23 23:30:00",41109,12.21,21.28,20.97,0.494,20.98
"2020-06-23 23:45:00",41110,12.26,21.39,21.08,0.491,21
"2020-06-24 00:00:00",41111,12.29,21.44,21.1,0.493,21.01
"2020-06-24 00:15:00",41112,12.19,21.46,21.14,0.493,21.01
"2020-06-24 00:30:00",41113,12.2,21.49,21.13,0.493,21.01
"2020-06-24 00:45:00",41114,12.23,21.44,21.04,0.493,21
"2020-06-24 01:00:00",41115,12.25,21.33,20.83,0.494,20.97
"2020-06-24 01:15:00",41116,12.16,21.18,20.84,0.495,20.95
"2020-06-24 01:30:00",41117,12.29,21.27,20.97,0.492,20.93
"2020-06-24 01:45:00",41118,12.23,21.33,20.97,0.493,20.92
"2020-06-24 02:00:00",41119,12.19,21.34,20.98,0.494,20.89
"2020-06-24 02:15:00",41120,12.17,21.31,20.94,0.493,20.85
"2020-06-24 02:30:00",41121,12.19,21.3,20.89,0.493,20.81
"2020-06-24 02:45:00",41122,12.21,21.21,20.79,0.494,20.78
"2020-06-24 03:00:00",41123,12.22,21.14,20.74,0.493,20.76
"2020-06-24 03:15:00",41124,12.22,21.1,20.74,0.494,20.74
"2020-06-24 03:30:00",41125,12.25,21.08,20.67,0.493,20.72
"2020-06-24 03:45:00",41126,12.24,21.01,20.6,0.492,20.71
"2020-06-24 04:00:00",41127,12.18,20.86,20.36,0.492,20.69
"2020-06-24 04:15:00",41128,12.19,20.73,20.31,0.492,20.66
"2020-06-24 04:30:00",41129,12.24,20.67,20.25,0.493,20.62
"2020-06-24 04:45:00",41130,12.18,20.58,20.1,0.493,20.59
"2020-06-24 05:00:00",41131,12.23,20.6,20.11,0.492,20.55
"2020-06-24 05:15:00",41132,12.2,20.49,19.99,0.493,20.52
"2020-06-24 05:30:00",41133,12.17,20.12,19.52,0.493,20.49
"2020-06-24 05:45:00",41134,12.2,19.93,19.43,0.494,20.45
"2020-06-24 06:00:00",41135,12.21,19.82,19.29,0.494,20.42
"2020-06-24 06:15:00",41136,12.2,19.68,19.27,0.493,20.41
"2020-06-24 06:30:00",41137,12.24,19.77,19.42,0.493,20.4
"2020-06-24 06:45:00",41138,12.21,19.9,19.58,0.493,20.41
"2020-06-24 07:00:00",41139,12.28,20.04,19.73,0.492,20.42
"2020-06-24 07:15:00",41140,12.19,20.23,19.93,0.493,20.43
"2020-06-24 07:30:00",41141,12.25,20.44,20.19,0.493,20.45
"2020-06-24 07:45:00",41142,12.25,20.61,20.34,0.491,20.48
"2020-06-24 08:00:00",41143,12.27,20.79,20.52,0.493,20.49
"2020-06-24 08:15:00",41144,12.22,21.05,20.85,0.493,20.51
"2020-06-24 08:30:00",41145,12.28,21.26,21.04,0.493,20.54
"2020-06-24 08:45:00",41146,12.18,21.46,21.3,0.494,20.58
"2020-06-24 09:00:00",41147,12.3,21.72,21.51,0.492,20.61
"2020-06-24 09:15:00",41148,12.24,21.94,21.83,0.491,20.65
"2020-06-24 09:30:00",41149,12.32,22.2,22.09,0.491,20.69
"2020-06-24 09:45:00",41150,12.3,22.49,22.44,0.492,20.75
"2020-06-24 10:00:00",41151,12.33,22.79,22.7,0.492,20.81
"2020-06-24 10:15:00",41152,12.31,23.12,23.04,0.49,20.89
"2020-06-24 10:30:00",41153,12.3,23.38,23.21,0.491,20.95
"2020-06-24 10:45:00",41154,12.32,23.55,23.43,0.491,21.01
"2020-06-24 11:00:00",41155,12.23,23.86,23.76,0.49,21.07
"2020-06-24 11:15:00",41156,12.29,24.12,24.03,0.491,21.13
"2020-06-24 11:30:00",41157,12.33,24.41,24.29,0.49,21.21
"2020-06-24 11:45:00",41158,12.32,24.61,24.42,0.491,21.26
"2020-06-24 12:00:00",41159,12.35,24.89,24.8,0.49,21.34
"2020-06-24 12:15:00",41160,12.36,25.15,25.03,0.491,21.44
"2020-06-24 12:30:00",41161,12.29,25.4,25.32,0.49,21.56
"2020-06-24 12:45:00",41162,12.34,25.71,25.61,0.49,21.65
"2020-06-24 13:00:00",41163,12.96,29.55,29.14,0.491,21.71
"2020-06-24 13:15:00",41164,12.45,27.56,26.72,0.489,21.72
"2020-06-24 13:30:00",41165,12.38,26.44,25.86,0.489,21.72
"2020-06-24 13:45:00",41166,12.44,26.1,25.6,0.489,21.71
"2020-06-24 14:00:00",41167,12.37,25.85,25.43,0.489,21.7
"2020-06-24 14:15:00",41168,12.38,25.96,25.8,0.49,21.75
"2020-06-24 14:30:00",41169,12.39,26.05,25.96,0.49,21.77
"2020-06-24 14:45:00",41170,12.36,26.33,26.36,0.489,21.8
"2020-06-24 15:00:00",41171,12.41,26.56,26.43,0.49,21.79
"2020-06-24 15:15:00",41172,12.33,26.58,26.3,0.49,21.78
"2020-06-24 15:30:00",41173,12.38,26.48,26.19,0.489,21.79
"2020-06-24 15:45:00",41174,12.35,26.42,26.13,0.49,21.77
"2020-06-24 16:00:00",41175,12.33,26.33,26.07,0.49,21.76
"2020-06-24 16:15:00",41176,12.37,26.24,25.87,0.489,21.77
"2020-06-24 16:30:00",41177,12.37,26.13,25.88,0.489,21.77
"2020-06-24 16:45:00",41178,12.3,26.09,25.75,0.489,21.78
"2020-06-24 17:00:00",41179,12.29,25.92,25.5,0.488,21.77
"2020-06-24 17:15:00",41180,12.33,25.91,25.55,0.489,21.75
"2020-06-24 17:30:00",41181,12.35,25.58,25.15,0.489,21.73
"2020-06-24 17:45:00",41182,12.34,25.36,24.91,0.489,21.73
"2020-06-24 18:00:00",41183,12.3,25.1,24.61,0.49,21.71
"2020-06-24 18:15:00",41184,12.31,24.76,24.23,0.489,21.68
"2020-06-24 18:30:00",41185,12.34,24.58,24.08,0.488,21.67
"2020-06-24 18:45:00",41186,12.31,24.17,23.68,0.49,21.67
"2020-06-24 19:00:00",41187,12.22,23.87,23.34,0.49,21.66
"2020-06-24 19:15:00",41188,12.23,23.54,22.99,0.488,21.64
"2020-06-24 19:30:00",41189,12.24,23.28,22.69,0.489,21.61
"2020-06-24 19:45:00",41190,12.32,22.77,22.19,0.489,21.58
"2020-06-24 20:00:00",41191,12.22,22.4,21.82,0.49,21.56
"2020-06-24 20:15:00",41192,12.26,22.09,21.51,0.49,21.54
"2020-06-24 20:30:00",41193,12.32,21.79,21.24,0.489,21.52
"2020-06-24 20:45:00",41194,12.3,21.53,20.97,0.489,21.5
"2020-06-24 21:00:00",41195,12.31,21.32,20.8,0.49,21.47
"2020-06-24 21:15:00",41196,12.28,21.13,20.6,0.49,21.46
"2020-06-24 21:30:00",41197,12.31,20.96,20.45,0.49,21.45
"2020-06-24 21:45:00",41198,12.2,20.81,20.3,0.49,21.45
"2020-06-24 22:00:00",41199,12.3,20.69,20.22,0.49,21.44
"2020-06-24 22:15:00",41200,12.29,20.58,20.09,0.489,21.44
"2020-06-24 22:30:00",41201,12.2,20.49,20,0.49,21.43
"2020-06-24 22:45:00",41202,12.25,20.49,19.99,0.489,21.41
"2020-06-24 23:00:00",41203,12.24,20.24,19.78,0.49,21.39
"2020-06-24 23:15:00",41204,12.22,20.15,19.66,0.491,21.36
"2020-06-24 23:30:00",41205,12.3,20.03,19.55,0.489,21.33
"2020-06-24 23:45:00",41206,12.28,19.94,19.46,0.492,21.31
"2020-06-25 00:00:00",41207,12.27,19.85,19.38,0.491,21.29
"2020-06-25 00:15:00",41208,12.28,19.73,19.24,0.49,21.25
"2020-06-25 00:30:00",41209,12.22,19.63,19.14,0.49,21.23
"2020-06-25 00:45:00",41210,12.25,19.5,19.02,0.49,21.21
"2020-06-25 01:00:00",41211,12.26,19.42,18.96,0.49,21.19
"2020-06-25 01:15:00",41212,12.22,19.36,18.93,0.49,21.18
"2020-06-25 01:30:00",41213,12.21,19.34,18.97,0.489,21.17
"2020-06-25 01:45:00",41214,12.2,19.49,19.22,0.49,21.14
"2020-06-25 02:00:00",41215,12.22,19.68,19.38,0.49,21.13
"2020-06-25 02:15:00",41216,12.26,19.8,19.46,0.489,21.11
"2020-06-25 02:30:00",41217,12.2,19.82,19.37,0.49,21.09
"2020-06-25 02:45:00",41218,12.21,19.75,19.34,0.489,21.07
"2020-06-25 03:00:00",41219,12.22,19.77,19.38,0.49,21.06
"2020-06-25 03:15:00",41220,12.22,19.79,19.41,0.49,21.04
"2020-06-25 03:30:00",41221,12.24,19.81,19.42,0.489,21.03
"2020-06-25 03:45:00",41222,12.24,19.74,19.3,0.49,21.02
"2020-06-25 04:00:00",41223,12.25,19.71,19.32,0.49,21.01
"2020-06-25 04:15:00",41224,12.29,19.7,19.31,0.49,21
"2020-06-25 04:30:00",41225,12.2,19.66,19.24,0.489,20.98
"2020-06-25 04:45:00",41226,12.19,19.62,19.22,0.49,20.97
"2020-06-25 05:00:00",41227,12.26,19.53,19.06,0.489,20.94
"2020-06-25 05:15:00",41228,12.21,19.42,18.95,0.49,20.91
"2020-06-25 05:30:00",41229,12.19,19.36,18.91,0.491,20.87
"2020-06-25 05:45:00",41230,12.23,19.32,18.9,0.49,20.84
"2020-06-25 06:00:00",41231,12.22,19.34,18.93,0.49,20.82
"2020-06-25 06:15:00",41232,12.25,19.35,18.96,0.49,20.81
"2020-06-25 06:30:00",41233,12.21,19.37,18.99,0.49,20.81
"2020-06-25 06:45:00",41234,12.27,19.48,19.16,0.49,20.82
"2020-06-25 07:00:00",41235,12.24,19.64,19.34,0.49,20.83
"2020-06-25 07:15:00",41236,12.22,19.84,19.57,0.489,20.86
"2020-06-25 07:30:00",41237,12.21,20.06,19.81,0.491,20.9
"2020-06-25 07:45:00",41238,12.22,20.36,20.19,0.471,20.94
"2020-06-25 08:00:00",41239,12.24,20.7,20.57,0.46,20.93
"2020-06-25 08:15:00",41240,12.24,21.01,20.89,0.478,20.87
"2020-06-25 08:30:00",41241,12.27,21.33,21.19,0.487,20.81
"2020-06-25 08:45:00",41242,12.22,21.66,21.61,0.488,20.91
"2020-06-25 09:00:00",41243,12.25,22.04,21.97,0.489,21.06
"2020-06-25 09:15:00",41244,12.32,22.42,22.45,0.489,21.18
"2020-06-25 09:30:00",41245,12.31,22.85,22.85,0.488,21.28
"2020-06-25 09:45:00",41246,12.31,23.34,23.39,0.488,21.36
"2020-06-25 10:00:00",41247,12.32,23.61,23.67,0.489,21.45
"2020-06-25 10:15:00",41248,12.27,24.04,24.05,0.489,21.52
"2020-06-25 10:30:00",41249,12.28,24.21,24.01,0.488,21.56
"2020-06-25 10:45:00",41250,12.3,24.19,23.9,0.488,21.6
"2020-06-25 11:00:00",41251,12.32,24.25,24.04,0.488,21.63
"2020-06-25 11:15:00",41252,12.37,24.6,24.75,0.488,21.71
"2020-06-25 11:30:00",41253,12.34,25.11,25.19,0.489,21.82
"2020-06-25 11:45:00",41254,12.29,25.53,25.47,0.488,21.92
"2020-06-25 12:00:00",41255,12.31,25.67,25.48,0.487,21.98
"2020-06-25 12:15:00",41256,12.26,25.64,25.37,0.488,21.99
"2020-06-25 12:30:00",41257,12.28,25.64,25.38,0.487,22.02
"2020-06-25 12:45:00",41258,12.4,25.88,25.78,0.487,22.11
"2020-06-25 13:00:00",41259,12.34,25.98,25.61,0.487,22.09
"2020-06-25 13:15:00",41260,12.27,25.72,25.22,0.487,22.1
"2020-06-25 13:30:00",41261,12.28,25.38,24.92,0.487,22.1
"2020-06-25 13:45:00",41262,12.31,25.42,25.16,0.487,22.16
"2020-06-25 14:00:00",41263,12.35,25.58,25.42,0.487,22.23
"2020-06-25 14:15:00",41264,12.36,25.84,25.78,0.488,22.31
"2020-06-25 14:30:00",41265,12.29,26.14,26.21,0.487,22.38
"2020-06-25 14:45:00",41266,12.32,26.49,26.49,0.488,22.42
"2020-06-25 15:00:00",41267,12.33,26.71,26.56,0.486,22.43
"2020-06-25 15:15:00",41268,12.33,26.76,26.5,0.487,22.43
"2020-06-25 15:30:00",41269,12.27,26.69,26.4,0.486,22.43
"2020-06-25 15:45:00",41270,12.34,26.63,26.32,0.488,22.43
"2020-06-25 16:00:00",41271,12.38,26.51,26.12,0.485,22.41
"2020-06-25 16:15:00",41272,12.32,26.36,26,0.487,22.42
"2020-06-25 16:30:00",41273,12.32,26.19,25.8,0.486,22.4
"2020-06-25 16:45:00",41274,12.25,25.93,25.46,0.485,22.38
"2020-06-25 17:00:00",41275,12.29,25.71,25.24,0.486,22.36
"2020-06-25 17:15:00",41276,12.26,25.4,24.94,0.487,22.32
"2020-06-25 17:30:00",41277,12.28,25.16,24.72,0.487,22.28
"2020-06-25 17:45:00",41278,12.34,25.05,24.65,0.487,22.27
"2020-06-25 18:00:00",41279,12.31,24.97,24.6,0.486,22.28
"2020-06-25 18:15:00",41280,12.31,24.9,24.51,0.487,22.26
"2020-06-25 18:30:00",41281,12.31,24.83,24.46,0.488,22.24
"2020-06-25 18:45:00",41282,12.27,24.77,24.35,0.487,22.21
"2020-06-25 19:00:00",41283,12.3,24.57,24.09,0.486,22.17
"2020-06-25 19:15:00",41284,12.31,24.23,23.69,0.487,22.12
"2020-06-25 19:30:00",41285,12.26,23.92,23.44,0.487,22.09
"2020-06-25 19:45:00",41286,12.26,23.76,23.38,0.488,22.04
"2020-06-25 20:00:00",41287,12.27,23.68,23.3,0.488,22.01
"2020-06-25 20:15:00",41288,12.24,23.61,23.19,0.487,21.99
"2020-06-25 20:30:00",41289,12.22,23.42,22.89,0.487,21.96
"2020-06-25 20:45:00",41290,12.26,23.21,22.62,0.488,21.91
"2020-06-25 21:00:00",41291,12.27,22.62,21.95,0.487,21.84
"2020-06-25 21:15:00",41292,12.19,22.11,21.46,0.486,21.78
"2020-06-25 21:30:00",41293,12.27,21.87,21.44,0.487,21.73
"2020-06-25 21:45:00",41294,12.25,21.88,21.65,0.488,21.69
"2020-06-25 22:00:00",41295,12.2,22.22,22.09,0.487,21.66
"2020-06-25 22:15:00",41296,12.23,22.52,22.21,0.489,21.65
"2020-06-25 22:30:00",41297,12.29,22.45,21.89,0.488,21.64
"2020-06-25 22:45:00",41298,12.2,22.1,21.61,0.488,21.63
"2020-06-25 23:00:00",41299,12.27,21.88,21.25,0.487,21.58
"2020-06-25 23:15:00",41300,12.21,21.35,20.69,0.488,21.53
"2020-06-25 23:30:00",41301,12.18,20.88,20.21,0.488,21.5
"2020-06-25 23:45:00",41302,12.27,20.49,19.82,0.487,21.46
"2020-06-26 00:00:00",41303,12.27,20.08,19.44,0.487,21.41
"2020-06-26 00:15:00",41304,12.22,19.74,19.11,0.489,21.37
"2020-06-26 00:30:00",41305,12.2,19.39,18.75,0.488,21.32
"2020-06-26 00:45:00",41306,12.27,19.21,18.6,0.487,21.26
"2020-06-26 01:00:00",41307,12.19,18.8,18.22,0.487,21.2
"2020-06-26 01:15:00",41308,12.23,18.63,18.1,0.488,21.15
"2020-06-26 01:30:00",41309,12.2,18.46,17.89,0.489,21.1
"2020-06-26 01:45:00",41310,12.25,18.27,17.7,0.489,21.07
"2020-06-26 02:00:00",41311,12.26,18.05,17.47,0.487,21.03
"2020-06-26 02:15:00",41312,12.19,17.92,17.37,0.488,21.01
"2020-06-26 02:30:00",41313,12.2,17.8,17.28,0.488,21
"2020-06-26 02:45:00",41314,12.2,17.71,17.22,0.488,20.98
"2020-06-26 03:00:00",41315,12.27,17.6,17.06,0.487,20.96
"2020-06-26 03:15:00",41316,12.2,17.47,16.95,0.488,20.94
"2020-06-26 03:30:00",41317,12.26,17.37,16.86,0.488,20.93
"2020-06-26 03:45:00",41318,12.18,17.29,16.83,0.489,20.91
"2020-06-26 04:00:00",41319,12.28,17.23,16.73,0.489,20.9
"2020-06-26 04:15:00",41320,12.2,17.16,16.7,0.488,20.87
"2020-06-26 04:30:00",41321,12.26,17.16,16.77,0.487,20.86
"2020-06-26 04:45:00",41322,12.24,17.19,16.77,0.486,20.86
"2020-06-26 05:00:00",41323,12.17,17.33,17.05,0.488,20.87
"2020-06-26 05:15:00",41324,12.2,17.49,17.16,0.488,20.87
"2020-06-26 05:30:00",41325,12.25,17.65,17.32,0.489,20.87
"2020-06-26 05:45:00",41326,12.24,17.8,17.44,0.488,20.85
"2020-06-26 06:00:00",41327,12.2,18.09,17.91,0.486,20.88
"2020-06-26 06:15:00",41328,12.24,18.26,17.82,0.489,20.87
"2020-06-26 06:30:00",41329,12.26,18.23,17.85,0.487,20.86
"2020-06-26 06:45:00",41330,12.18,18.37,18.12,0.488,20.88
"2020-06-26 07:00:00",41331,12.17,18.7,18.54,0.487,20.88
"2020-06-26 07:15:00",41332,12.21,19.02,18.77,0.489,20.89
"2020-06-26 07:30:00",41333,12.18,19.27,19.04,0.488,20.92
"2020-06-26 07:45:00",41334,12.27,19.54,19.38,0.487,20.96
"2020-06-26 08:00:00",41335,12.21,19.88,19.82,0.488,21.01
"2020-06-26 08:15:00",41336,12.24,20.37,20.41,0.488,21.06
"2020-06-26 08:30:00",41337,12.22,20.84,20.88,0.488,21.12
"2020-06-26 08:45:00",41338,12.28,21.32,21.42,0.489,21.18
"2020-06-26 09:00:00",41339,12.27,21.79,21.82,0.487,21.25
"2020-06-26 09:15:00",41340,12.19,22.21,22.31,0.488,21.32
"2020-06-26 09:30:00",41341,12.26,22.64,22.73,0.488,21.41
"2020-06-26 09:45:00",41342,12.24,23.07,23.33,0.488,21.5
"2020-06-26 10:00:00",41343,12.26,23.54,23.71,0.487,21.6
"2020-06-26 10:15:00",41344,12.34,24.04,24.18,0.487,21.68
"2020-06-26 10:30:00",41345,12.31,24.35,24.32,0.486,21.74
"2020-06-26 10:45:00",41346,12.29,24.67,24.75,0.486,21.81
"2020-06-26 11:00:00",41347,12.31,25.07,25.21,0.487,21.89
"2020-06-26 11:15:00",41348,12.24,25.44,25.46,0.488,21.95
"2020-06-26 11:30:00",41349,12.3,25.66,25.51,0.486,22.01
"2020-06-26 11:45:00",41350,12.28,25.61,25.28,0.486,22
"2020-06-26 12:00:00",41351,12.33,25.5,25.13,0.486,22.02
"2020-06-26 12:15:00",41352,12.25,25.29,24.85,0.486,22.01
"2020-06-26 12:30:00",41353,12.29,25.47,25.38,0.486,22.15
"2020-06-26 12:45:00",41354,12.38,25.79,25.7,0.486,22.21
"2020-06-26 13:00:00",41355,12.6,26.82,26.6,0.487,22.25
"2020-06-26 13:15:00",41356,12.35,26.63,26.27,0.488,22.3
"2020-06-26 13:30:00",41357,12.33,26.41,26.22,0.486,22.34
"2020-06-26 13:45:00",41358,12.28,26.35,26.07,0.486,22.34
"2020-06-26 14:00:00",41359,12.35,26.18,25.8,0.486,22.31
"2020-06-26 14:15:00",41360,12.29,25.93,25.48,0.486,22.26
"2020-06-26 14:30:00",41361,12.35,25.91,25.74,0.485,22.29
"2020-06-26 14:45:00",41362,12.33,26.13,26.06,0.486,22.3
"2020-06-26 15:00:00",41363,12.36,26.48,26.53,0.485,22.35
"2020-06-26 15:15:00",41364,12.31,26.61,26.33,0.485,22.36
"2020-06-26 15:30:00",41365,12.28,26.43,26.07,0.486,22.35
"2020-06-26 15:45:00",41366,12.35,26.34,26.02,0.485,22.36
"2020-06-26 16:00:00",41367,12.39,26.19,25.77,0.486,22.35
"2020-06-26 16:15:00",41368,12.29,25.96,25.54,0.485,22.34
"2020-06-26 16:30:00",41369,12.26,25.87,25.53,0.485,22.35
"2020-06-26 16:45:00",41370,12.29,25.94,25.63,0.485,22.34
"2020-06-26 17:00:00",41371,12.25,25.74,25.36,0.485,22.31
"2020-06-26 17:15:00",41372,12.29,25.56,25.16,0.486,22.3
"2020-06-26 17:30:00",41373,12.22,25.43,25.04,0.486,22.29
"2020-06-26 17:45:00",41374,12.33,25.32,24.92,0.485,22.27
"2020-06-26 18:00:00",41375,12.25,25.19,24.8,0.484,22.27
"2020-06-26 18:15:00",41376,12.27,25.06,24.64,0.486,22.26
"2020-06-26 18:30:00",41377,12.3,24.87,24.41,0.485,22.25
"2020-06-26 18:45:00",41378,12.3,24.66,24.2,0.487,22.24
"2020-06-26 19:00:00",41379,12.3,24.61,24.13,0.486,22.24
"2020-06-26 19:15:00",41380,12.22,24.15,23.66,0.485,22.23
"2020-06-26 19:30:00",41381,12.24,23.86,23.32,0.486,22.22
"2020-06-26 19:45:00",41382,12.3,23.49,22.9,0.485,22.21
"2020-06-26 20:00:00",41383,12.21,23.26,22.68,0.488,22.18
"2020-06-26 20:15:00",41384,12.26,22.73,22.12,0.485,22.14
"2020-06-26 20:30:00",41385,12.29,22.33,21.71,0.487,22.11
"2020-06-26 20:45:00",41386,12.28,21.99,21.4,0.486,22.07
"2020-06-26 21:00:00",41387,12.22,21.85,21.28,0.486,22.06
"2020-06-26 21:15:00",41388,12.21,21.47,20.97,0.488,22.05
"2020-06-26 21:30:00",41389,12.3,21.29,20.76,0.486,22.04
"2020-06-26 21:45:00",41390,12.2,21.12,20.6,0.485,22.02
"2020-06-26 22:00:00",41391,12.25,21.01,20.55,0.487,22.02
"2020-06-26 22:15:00",41392,12.24,20.93,20.45,0.486,22.01
"2020-06-26 22:30:00",41393,12.21,20.81,20.33,0.486,22
"2020-06-26 22:45:00",41394,12.21,20.72,20.3,0.486,22
"2020-06-26 23:00:00",41395,12.29,20.82,20.51,0.485,22
"2020-06-26 23:15:00",41396,12.24,21.11,21.02,0.485,22
"2020-06-26 23:30:00",41397,12.28,21.37,21.27,0.486,22.01
"2020-06-26 23:45:00",41398,12.2,21.73,21.46,0.488,22
"2020-06-27 00:00:00",41399,12.22,21.8,21.4,0.486,21.98
"2020-06-27 00:15:00",41400,12.19,21.66,21.27,0.488,21.97
"2020-06-27 00:30:00",41401,12.25,21.65,21.23,0.487,21.95
"2020-06-27 00:45:00",41402,12.22,21.43,20.95,0.487,21.92
"2020-06-27 01:00:00",41403,12.26,21.29,20.98,0.486,21.91
"2020-06-27 01:15:00",41404,12.24,21.44,21.23,0.487,21.91
"2020-06-27 01:30:00",41405,12.18,21.52,21.02,0.486,21.87
"2020-06-27 01:45:00",41406,12.23,21.16,20.54,0.486,21.79
"2020-06-27 02:00:00",41407,12.27,20.82,20.26,0.487,21.75
"2020-06-27 02:15:00",41408,12.27,20.54,20.01,0.487,21.71
"2020-06-27 02:30:00",41409,12.19,20.53,20.07,0.488,21.68
"2020-06-27 02:45:00",41410,12.21,20.34,19.89,0.486,21.63
"2020-06-27 03:00:00",41411,12.27,20.3,19.95,0.485,21.59
"2020-06-27 03:15:00",41412,12.19,20.39,20.01,0.486,21.56
"2020-06-27 03:30:00",41413,12.22,20.38,19.94,0.488,21.53
"2020-06-27 03:45:00",41414,12.22,20.29,19.92,0.486,21.5
"2020-06-27 04:00:00",41415,12.26,20.36,19.96,0.486,21.49
"2020-06-27 04:15:00",41416,12.19,20.44,20.27,0.487,21.47
"2020-06-27 04:30:00",41417,12.18,20.94,21.02,0.487,21.46
"2020-06-27 04:45:00",41418,12.18,21.39,21.3,0.487,21.48
"2020-06-27 05:00:00",41419,12.17,21.52,21.13,0.487,21.48
"2020-06-27 05:15:00",41420,12.18,21.26,20.65,0.486,21.45
"2020-06-27 05:30:00",41421,12.18,20.81,20.17,0.486,21.42
"2020-06-27 05:45:00",41422,12.26,20.51,20.05,0.486,21.4
"2020-06-27 06:00:00",41423,12.25,20.58,20.25,0.487,21.37
"2020-06-27 06:15:00",41424,12.2,20.69,20.41,0.485,21.35
"2020-06-27 06:30:00",41425,12.17,20.94,20.67,0.488,21.33
"2020-06-27 06:45:00",41426,12.25,21.05,20.76,0.487,21.32
"2020-06-27 07:00:00",41427,12.25,21.25,21.01,0.487,21.34
"2020-06-27 07:15:00",41428,12.24,21.48,21.24,0.486,21.35
"2020-06-27 07:30:00",41429,12.24,21.69,21.46,0.487,21.35
"2020-06-27 07:45:00",41430,12.22,21.92,21.71,0.486,21.36
"2020-06-27 08:00:00",41431,12.23,22.17,22.03,0.487,21.4
"2020-06-27 08:15:00",41432,12.2,22.54,22.47,0.487,21.46
"2020-06-27 08:30:00",41433,12.24,22.9,22.81,0.488,21.51
"2020-06-27 08:45:00",41434,12.27,23.35,23.28,0.485,21.57
"2020-06-27 09:00:00",41435,12.22,23.55,23.46,0.487,21.63
"2020-06-27 09:15:00",41436,12.28,23.88,23.88,0.485,21.71
"2020-06-27 09:30:00",41437,12.28,24.25,24.26,0.485,21.79
"2020-06-27 09:45:00",41438,12.27,24.64,24.7,0.486,21.88
"2020-06-27 10:00:00",41439,12.29,25,25.05,0.486,21.96
"2020-06-27 10:15:00",41440,12.25,25.37,25.32,0.487,22.05
"2020-06-27 10:30:00",41441,12.35,25.67,25.59,0.488,22.13
"2020-06-27 10:45:00",41442,12.26,26.03,26.17,0.485,22.21
"2020-06-27 11:00:00",41443,12.31,26.34,26.13,0.486,22.25
"2020-06-27 11:15:00",41444,12.31,26.35,26.06,0.486,22.29
"2020-06-27 11:30:00",41445,12.28,26.37,26.17,0.485,22.33
"2020-06-27 11:45:00",41446,12.3,26.68,26.78,0.486,22.42
"2020-06-27 12:00:00",41447,12.33,27.19,27.33,0.484,22.52
"2020-06-27 12:15:00",41448,12.34,27.54,27.41,0.486,22.57
"2020-06-27 12:30:00",41449,12.34,27.58,27.35,0.486,22.63
"2020-06-27 12:45:00",41450,12.34,27.68,27.45,0.485,22.69
"2020-06-27 13:00:00",41451,12.27,28.44,28.15,0.484,22.7
"2020-06-27 13:15:00",41452,12.34,28.53,28.22,0.484,22.76
"2020-06-27 13:30:00",41453,12.28,28.04,27.77,0.484,22.8
"2020-06-27 13:45:00",41454,12.36,27.92,27.58,0.484,22.8
"2020-06-27 14:00:00",41455,12.31,27.75,27.47,0.485,22.81
"2020-06-27 14:15:00",41456,12.38,27.87,27.81,0.483,22.9
"2020-06-27 14:30:00",41457,12.34,28.22,28.36,0.484,22.96
"2020-06-27 14:45:00",41458,12.37,28.64,28.76,0.484,23.01
"2020-06-27 15:00:00",41459,12.31,28.84,28.62,0.483,23
"2020-06-27 15:15:00",41460,12.29,28.58,28.01,0.483,22.95
"2020-06-27 15:30:00",41461,12.37,28.39,28.09,0.483,22.97
"2020-06-27 15:45:00",41462,12.29,28.21,27.85,0.483,22.93
"2020-06-27 16:00:00",41463,12.38,27.99,27.55,0.483,22.92
"2020-06-27 16:15:00",41464,12.34,27.85,27.58,0.484,22.93
"2020-06-27 16:30:00",41465,12.32,27.93,27.78,0.483,22.93
"2020-06-27 16:45:00",41466,12.29,28.03,27.79,0.483,22.92
"2020-06-27 17:00:00",41467,12.25,27.99,27.67,0.483,22.91
"2020-06-27 17:15:00",41468,12.32,27.83,27.57,0.483,22.9
"2020-06-27 17:30:00",41469,12.31,27.83,27.46,0.482,22.89
"2020-06-27 17:45:00",41470,12.32,27.7,27.36,0.483,22.88
"2020-06-27 18:00:00",41471,12.32,27.47,27.01,0.483,22.87
"2020-06-27 18:15:00",41472,12.24,27.32,26.82,0.483,22.86
"2020-06-27 18:30:00",41473,12.25,26.85,26.35,0.483,22.85
"2020-06-27 18:45:00",41474,12.25,26.61,26.21,0.484,22.83
"2020-06-27 19:00:00",41475,12.31,26.47,26.09,0.483,22.82
"2020-06-27 19:15:00",41476,12.28,26.37,25.94,0.483,22.83
"2020-06-27 19:30:00",41477,12.29,26.13,25.66,0.484,22.83
"2020-06-27 19:45:00",41478,12.23,25.96,25.49,0.485,22.83
"2020-06-27 20:00:00",41479,12.21,25.56,25.06,0.483,22.83
"2020-06-27 20:15:00",41480,12.3,25.29,24.81,0.484,22.82
"2020-06-27 20:30:00",41481,12.23,25.04,24.54,0.484,22.8
"2020-06-27 20:45:00",41482,12.21,24.78,24.27,0.484,22.78
"2020-06-27 21:00:00",41483,12.22,24.55,24.07,0.485,22.76
"2020-06-27 21:15:00",41484,12.28,24.35,23.81,0.484,22.72
"2020-06-27 21:30:00",41485,12.21,24.08,23.57,0.484,22.68
"2020-06-27 21:45:00",41486,12.27,23.88,23.37,0.485,22.66
"2020-06-27 22:00:00",41487,12.29,23.74,23.31,0.485,22.63
"2020-06-27 22:15:00",41488,12.26,23.83,23.63,0.485,22.62
"2020-06-27 22:30:00",41489,12.26,24.13,23.91,0.484,22.61
"2020-06-27 22:45:00",41490,12.25,24.27,23.97,0.484,22.58
"2020-06-27 23:00:00",41491,12.29,24.34,24.01,0.483,22.56
"2020-06-27 23:15:00",41492,12.19,24.31,23.93,0.485,22.55
"2020-06-27 23:30:00",41493,12.27,24.25,23.86,0.484,22.53
"2020-06-27 23:45:00",41494,12.3,24.17,23.76,0.484,22.51
"2020-06-28 00:00:00",41495,12.2,24.06,23.63,0.485,22.48
"2020-06-28 00:15:00",41496,12.24,23.95,23.53,0.484,22.47
"2020-06-28 00:30:00",41497,12.25,23.86,23.44,0.484,22.44
"2020-06-28 00:45:00",41498,12.25,23.75,23.33,0.484,22.41
"2020-06-28 01:00:00",41499,12.28,23.67,23.27,0.486,22.4
"2020-06-28 01:15:00",41500,12.23,23.62,23.22,0.485,22.38
"2020-06-28 01:30:00",41501,12.19,23.55,23.13,0.483,22.36
"2020-06-28 01:45:00",41502,12.23,23.46,23.03,0.484,22.34
"2020-06-28 02:00:00",41503,12.27,23.37,22.91,0.485,22.32
"2020-06-28 02:15:00",41504,12.26,23.24,22.79,0.485,22.29
"2020-06-28 02:30:00",41505,12.22,23.28,22.85,0.486,22.26
"2020-06-28 02:45:00",41506,12.21,23.24,22.85,0.486,22.24
"2020-06-28 03:00:00",41507,12.27,23.1,22.71,0.484,22.23
"2020-06-28 03:15:00",41508,12.26,23.1,22.71,0.486,22.22
"2020-06-28 03:30:00",41509,12.27,23.09,22.69,0.486,22.21
"2020-06-28 03:45:00",41510,12.18,23.03,22.6,0.485,22.19
"2020-06-28 04:00:00",41511,12.21,22.87,22.35,0.484,22.15
"2020-06-28 04:15:00",41512,12.24,22.65,22.19,0.485,22.14
"2020-06-28 04:30:00",41513,12.22,22.5,22.01,0.486,22.11
"2020-06-28 04:45:00",41514,12.17,22.43,22.08,0.486,22.1
"2020-06-28 05:00:00",41515,12.25,22.58,22.27,0.486,22.09
"2020-06-28 05:15:00",41516,12.22,22.64,22.24,0.486,22.08
"2020-06-28 05:30:00",41517,12.21,22.65,22.25,0.487,22.07
"2020-06-28 05:45:00",41518,12.19,22.67,22.33,0.488,22.06
"2020-06-28 06:00:00",41519,12.2,22.83,22.57,0.486,22.05
"2020-06-28 06:15:00",41520,12.21,23,22.72,0.487,22.06
"2020-06-28 06:30:00",41521,12.18,23.18,22.9,0.486,22.07
"2020-06-28 06:45:00",41522,12.19,23.31,23.01,0.486,22.07
"2020-06-28 07:00:00",41523,12.22,23.42,23.1,0.484,22.08
"2020-06-28 07:15:00",41524,12.23,23.45,23.08,0.485,22.09
"2020-06-28 07:30:00",41525,12.2,23.48,23.14,0.484,22.1
"2020-06-28 07:45:00",41526,12.19,23.58,23.29,0.485,22.11
"2020-06-28 08:00:00",41527,12.25,23.71,23.41,0.485,22.12
"2020-06-28 08:15:00",41528,12.27,23.85,23.61,0.485,22.14
"2020-06-28 08:30:00",41529,12.21,24.11,23.93,0.485,22.18
"2020-06-28 08:45:00",41530,12.21,24.45,24.4,0.484,22.23
"2020-06-28 09:00:00",41531,12.22,24.72,24.55,0.486,22.26
"2020-06-28 09:15:00",41532,12.27,24.86,24.59,0.486,22.29
"2020-06-28 09:30:00",41533,12.22,24.87,24.52,0.486,22.31
"2020-06-28 09:45:00",41534,12.27,24.87,24.55,0.485,22.33
"2020-06-28 10:00:00",41535,12.29,24.84,24.46,0.484,22.32
"2020-06-28 10:15:00",41536,12.26,24.76,24.35,0.484,22.33
"2020-06-28 10:30:00",41537,12.2,24.66,24.25,0.484,22.32
"2020-06-28 10:45:00",41538,12.19,24.52,24.06,0.484,22.31
"2020-06-28 11:00:00",41539,12.22,24.55,24.1,0.484,22.31
"2020-06-28 11:15:00",41540,12.28,24.49,24.17,0.484,22.33
"2020-06-28 11:30:00",41541,12.31,24.6,24.32,0.484,22.37
"2020-06-28 11:45:00",41542,12.3,24.72,24.42,0.483,22.39
"2020-06-28 12:00:00",41543,12.28,25.01,24.91,0.484,22.45
"2020-06-28 12:15:00",41544,12.29,25.11,24.82,0.485,22.46
"2020-06-28 12:30:00",41545,12.27,25.09,24.7,0.486,22.46
"2020-06-28 12:45:00",41546,12.29,25.05,24.69,0.482,22.47
"2020-06-28 13:00:00",41547,12.3,25.08,24.74,0.483,22.48
"2020-06-28 13:15:00",41548,12.3,25.18,24.88,0.484,22.5
"2020-06-28 13:30:00",41549,12.29,25.28,25,0.484,22.53
"2020-06-28 13:45:00",41550,12.24,25.3,24.94,0.483,22.54
"2020-06-28 14:00:00",41551,12.28,25.35,25.05,0.486,22.55
"2020-06-28 14:15:00",41552,12.31,25.35,24.96,0.484,22.55
"2020-06-28 14:30:00",41553,12.32,25.26,24.84,0.485,22.54
"2020-06-28 14:45:00",41554,12.27,25.13,24.71,0.485,22.53
"2020-06-28 15:00:00",41555,12.23,25.03,24.61,0.484,22.53
"2020-06-28 15:15:00",41556,12.3,24.95,24.54,0.486,22.53
"2020-06-28 15:30:00",41557,12.2,24.86,24.44,0.484,22.53
"2020-06-28 15:45:00",41558,12.2,24.73,24.28,0.485,22.51
"2020-06-28 16:00:00",41559,12.23,24.54,24.07,0.485,22.49
"2020-06-28 16:15:00",41560,12.29,24.55,24.1,0.485,22.47
"2020-06-28 16:30:00",41561,12.2,24.28,23.85,0.484,22.44
"2020-06-28 16:45:00",41562,12.22,24.18,23.72,0.484,22.42
"2020-06-28 17:00:00",41563,12.28,24.03,23.58,0.484,22.41
"2020-06-28 17:15:00",41564,12.22,23.96,23.53,0.484,22.39
"2020-06-28 17:30:00",41565,12.19,23.88,23.47,0.483,22.37
"2020-06-28 17:45:00",41566,12.24,23.84,23.44,0.484,22.35
"2020-06-28 18:00:00",41567,12.22,23.89,23.52,0.484,22.32
"2020-06-28 18:15:00",41568,12.27,23.89,23.5,0.484,22.29
"2020-06-28 18:30:00",41569,12.2,23.87,23.48,0.484,22.28
"2020-06-28 18:45:00",41570,12.24,23.87,23.49,0.483,22.28
"2020-06-28 19:00:00",41571,12.19,23.87,23.49,0.485,22.28
"2020-06-28 19:15:00",41572,12.21,23.84,23.42,0.484,22.27
"2020-06-28 19:30:00",41573,12.2,23.72,23.29,0.483,22.26
"2020-06-28 19:45:00",41574,12.21,23.64,23.29,0.485,22.24
"2020-06-28 20:00:00",41575,12.24,23.73,23.43,0.484,22.22
"2020-06-28 20:15:00",41576,12.21,23.82,23.48,0.484,22.19
"2020-06-28 20:30:00",41577,12.25,23.8,23.43,0.484,22.18
"2020-06-28 20:45:00",41578,12.25,23.77,23.41,0.483,22.17
"2020-06-28 21:00:00",41579,12.21,23.76,23.37,0.484,22.16
"2020-06-28 21:15:00",41580,12.24,23.68,23.26,0.486,22.14
"2020-06-28 21:30:00",41581,12.17,23.54,23.07,0.484,22.12
"2020-06-28 21:45:00",41582,12.17,23.36,22.87,0.485,22.09
"2020-06-28 22:00:00",41583,12.24,23.18,22.74,0.484,22.07
"2020-06-28 22:15:00",41584,12.17,23.27,22.83,0.485,22.05
"2020-06-28 22:30:00",41585,12.19,23.18,22.78,0.484,22.03
"2020-06-28 22:45:00",41586,12.19,23.04,22.65,0.484,22.01
"2020-06-28 23:00:00",41587,12.2,23,22.62,0.486,21.98
"2020-06-28 23:15:00",41588,12.26,23,22.6,0.483,21.96
"2020-06-28 23:30:00",41589,12.21,22.93,22.52,0.485,21.94
"2020-06-28 23:45:00",41590,12.19,22.9,22.5,0.485,21.92
"2020-06-29 00:00:00",41591,12.25,22.88,22.52,0.484,21.89
"2020-06-29 00:15:00",41592,12.25,22.91,22.52,0.484,21.87
"2020-06-29 00:30:00",41593,12.23,22.88,22.48,0.484,21.86
"2020-06-29 00:45:00",41594,12.24,22.82,22.39,0.485,21.84
"2020-06-29 01:00:00",41595,12.25,22.73,22.3,0.486,21.82
"2020-06-29 01:15:00",41596,12.19,22.65,22.21,0.485,21.8
"2020-06-29 01:30:00",41597,12.21,22.56,22.13,0.485,21.78
"2020-06-29 01:45:00",41598,12.14,22.52,22.1,0.484,21.75
"2020-06-29 02:00:00",41599,12.21,22.46,22.05,0.484,21.73
"2020-06-29 02:15:00",41600,12.16,22.36,21.86,0.485,21.69
"2020-06-29 02:30:00",41601,12.23,22.22,21.75,0.485,21.66
"2020-06-29 02:45:00",41602,12.18,22.11,21.62,0.485,21.63
"2020-06-29 03:00:00",41603,12.22,21.99,21.53,0.483,21.6
"2020-06-29 03:15:00",41604,12.19,21.89,21.42,0.484,21.58
"2020-06-29 03:30:00",41605,12.17,21.93,21.45,0.484,21.55
"2020-06-29 03:45:00",41606,12.17,21.74,21.32,0.483,21.53
"2020-06-29 04:00:00",41607,12.23,21.66,21.24,0.485,21.52
"2020-06-29 04:15:00",41608,12.26,21.62,21.19,0.486,21.49
"2020-06-29 04:30:00",41609,12.22,21.59,21.17,0.484,21.47
"2020-06-29 04:45:00",41610,12.17,21.58,21.2,0.484,21.45
"2020-06-29 05:00:00",41611,12.2,21.61,21.26,0.486,21.45
"2020-06-29 05:15:00",41612,12.25,21.69,21.33,0.484,21.43
"2020-06-29 05:30:00",41613,12.23,21.68,21.26,0.484,21.41
"2020-06-29 05:45:00",41614,12.25,21.66,21.24,0.485,21.4
"2020-06-29 06:00:00",41615,12.16,21.65,21.24,0.484,21.38
"2020-06-29 06:15:00",41616,12.25,21.64,21.23,0.484,21.37
"2020-06-29 06:30:00",41617,12.26,21.66,21.27,0.484,21.37
"2020-06-29 06:45:00",41618,12.15,21.71,21.35,0.485,21.37
"2020-06-29 07:00:00",41619,12.18,21.85,21.52,0.483,21.38
"2020-06-29 07:15:00",41620,12.24,21.99,21.72,0.484,21.41
"2020-06-29 07:30:00",41621,12.24,22.23,22,0.484,21.44
"2020-06-29 07:45:00",41622,12.24,22.46,22.22,0.485,21.47
"2020-06-29 08:00:00",41623,12.21,22.68,22.45,0.483,21.5
"2020-06-29 08:15:00",41624,12.27,22.96,22.83,0.486,21.53
"2020-06-29 08:30:00",41625,12.23,23.28,23.18,0.484,21.58
"2020-06-29 08:45:00",41626,12.29,23.61,23.51,0.485,21.62
"2020-06-29 09:00:00",41627,12.23,23.93,23.81,0.485,21.67
"2020-06-29 09:15:00",41628,12.26,24.24,24.21,0.483,21.72
"2020-06-29 09:30:00",41629,12.26,24.66,24.66,0.485,21.79
"2020-06-29 09:45:00",41630,12.25,26.69,26.29,0.485,21.88
"2020-06-29 10:00:00",41631,12.27,27.86,27.19,0.484,21.96
"2020-06-29 10:15:00",41632,12.03,30.67,29.22,0.485,22.04
"2020-06-29 10:30:00",41633,12.03,30.06,28.68,0.483,22.05
"2020-06-29 10:45:00",41634,12.21,29.6,28.28,0.483,22.14
"2020-06-29 11:00:00",41635,12.2,29.27,28.13,0.483,22.22
"2020-06-29 11:15:00",41636,12.26,28.92,27.77,0.482,22.27
"2020-06-29 11:30:00",41637,12.25,28.71,27.87,0.482,22.36
"2020-06-29 11:45:00",41638,12.3,28.69,28.01,0.483,22.45
"2020-06-29 12:00:00",41639,12.32,28.63,27.8,0.483,22.48
"2020-06-29 12:15:00",41640,12.11,30.6,29.72,0.484,22.6
"2020-06-29 12:30:00",41641,12.09,29.64,28.52,0.483,22.67
"2020-06-29 12:45:00",41642,12.29,29.52,28.74,0.483,22.76
"2020-06-29 13:00:00",41643,12.69,35.91,33.72,0.482,22.84
