"TOA5","CR310_FCRWeir","CR300","5318","CR310.Std.08.01","CPU:CR310_20190415.CR300","62540","FCRWeir"
"TIMESTAMP","RECORD","BattV","PTemp_C","AirTemp_C","Lvl_psi","wtr_weir"
"TS","RN","Volts","Deg C","Deg C","psi","deg C"
"","","Smp","Smp","Smp","Smp","Smp"
"2019-04-15 14:15:00",1,12.66,12.1,11.4,0.429,13.03
"2019-04-15 14:30:00",2,12.75,11.84,11.61,0.428,13.02
"2019-04-15 14:45:00",3,12.66,11.62,10.88,0.427,12.84
"2019-04-15 15:00:00",4,12.69,11.22,10.84,0.429,12.8
"2019-04-15 15:15:00",5,12.69,11.24,10.81,0.427,12.8
"2019-04-15 15:30:00",6,12.72,11.45,11.34,0.425,12.87
"2019-04-15 15:45:00",7,12.67,11.61,11.31,0.427,12.91
"2019-04-15 16:00:00",8,12.69,11.62,11.71,0.43,12.92
"2019-04-15 16:15:00",9,12.74,11.85,11.46,0.426,12.87
"2019-04-15 16:30:00",10,12.75,11.84,11.72,0.425,12.82
"2019-04-15 16:45:00",11,12.65,12.07,12.21,0.427,12.71
"2019-04-15 17:00:00",12,12.65,12.17,11.64,0.425,12.6
"2019-04-15 17:15:00",13,12.66,11.92,11.31,0.425,12.46
"2019-04-15 17:30:00",14,12.69,11.54,10.75,0.426,12.36
"2019-04-15 17:45:00",15,12.64,11.2,10.43,0.427,12.26
"2019-04-15 18:00:00",16,12.64,10.62,9.62,0.422,12.21
"2019-04-15 18:15:00",17,12.65,9.99,8.93,0.424,12.12
"2019-04-15 18:30:00",18,12.64,9.31,8.26,0.422,12.04
"2019-04-15 18:45:00",19,12.7,8.72,7.753,0.418,11.92
"2019-04-15 19:00:00",20,12.69,8.39,7.48,0.423,11.81
"2019-04-15 19:15:00",21,12.69,7.869,7.037,0.422,11.77
"2019-04-15 19:30:00",22,12.68,7.669,6.93,0.42,11.74
"2019-04-15 19:45:00",23,12.71,7.506,6.718,0.425,11.72
"2019-04-15 20:00:00",24,12.62,7.316,6.473,0.421,11.67
"2019-04-15 20:15:00",25,12.63,7.158,6.421,0.421,11.58
"2019-04-15 20:30:00",26,12.64,7.06,6.304,0.422,11.53
"2019-04-15 20:45:00",27,12.63,6.828,5.918,0.421,11.51
"2019-04-15 21:00:00",28,12.6,6.631,5.902,0.424,11.48
"2019-04-15 21:15:00",29,12.62,6.48,5.515,0.422,11.47
"2019-04-15 21:30:00",30,12.67,6.226,5.471,0.417,11.42
"2019-04-15 21:45:00",31,12.67,6.159,5.476,0.419,11.39
"2019-04-15 22:00:00",32,12.64,6.154,5.467,0.421,11.36
"2019-04-15 22:15:00",33,12.68,6.057,5.294,0.418,11.33
"2019-04-15 22:30:00",34,12.61,6.013,5.255,0.421,11.29
"2019-04-15 22:45:00",35,12.7,5.952,5.235,0.421,11.26
"2019-04-15 23:00:00",36,12.67,5.953,5.265,0.42,11.23
"2019-04-15 23:15:00",37,12.66,5.962,5.206,0.421,11.23
"2019-04-15 23:30:00",38,12.64,5.841,5.029,0.419,11.21
"2019-04-15 23:45:00",39,12.61,5.817,5.045,0.417,11.2
"2019-04-16 00:00:00",40,12.63,5.736,4.844,0.419,11.19
"2019-04-16 00:15:00",41,12.6,5.312,4.354,0.414,11.17
"2019-04-16 00:30:00",42,12.67,5.032,4.075,0.415,11.14
"2019-04-16 00:45:00",43,12.67,4.707,3.758,0.411,11.11
"2019-04-16 01:00:00",44,12.64,4.492,3.665,0.415,11.09
"2019-04-16 01:15:00",45,12.62,4.455,3.721,0.418,11.07
"2019-04-16 01:30:00",46,12.64,4.573,4.142,0.416,11.04
"2019-04-16 01:45:00",47,12.68,4.81,4.14,0.417,11.02
"2019-04-16 02:00:00",48,12.59,4.823,4.136,0.416,10.96
"2019-04-16 02:15:00",49,12.68,4.84,4.207,0.415,10.89
"2019-04-16 02:30:00",50,12.57,4.888,4.268,0.414,10.86
"2019-04-16 02:45:00",51,12.64,4.927,4.287,0.416,10.85
"2019-04-16 03:00:00",52,12.58,4.974,4.338,0.416,10.85
"2019-04-16 03:15:00",53,12.59,5.047,4.457,0.417,10.85
"2019-04-16 03:30:00",54,12.65,5.11,4.413,0.415,10.86
"2019-04-16 03:45:00",55,12.67,5.065,4.313,0.415,10.84
"2019-04-16 04:00:00",56,12.67,5.004,4.314,0.414,10.82
"2019-04-16 04:15:00",57,12.65,4.989,4.303,0.416,10.83
"2019-04-16 04:30:00",58,12.68,4.995,4.364,0.416,10.83
"2019-04-16 04:45:00",59,12.66,5.059,4.427,0.415,10.84
"2019-04-16 05:00:00",60,12.65,5.115,4.504,0.415,10.8
"2019-04-16 05:15:00",61,12.64,5.167,4.464,0.417,10.79
"2019-04-16 05:30:00",62,12.57,5.1,4.343,0.414,10.78
"2019-04-16 05:45:00",63,12.64,4.954,4.145,0.416,10.77
"2019-04-16 06:00:00",64,12.63,4.813,4.128,0.414,10.76
"2019-04-16 06:15:00",65,12.62,4.763,4.15,0.413,10.77
"2019-04-16 06:30:00",66,12.57,4.863,4.272,0.416,10.77
"2019-04-16 06:45:00",67,12.64,5.025,4.658,0.414,10.8
"2019-04-16 07:00:00",68,12.64,5.41,5.196,0.413,10.85
"2019-04-16 07:15:00",69,12.55,5.877,5.583,0.414,10.89
"2019-04-16 07:30:00",70,12.58,6.263,5.917,0.415,10.92
"2019-04-16 07:45:00",71,12.61,6.6,6.332,0.413,10.98
"2019-04-16 08:00:00",72,12.61,7.004,6.968,0.412,11.05
"2019-04-16 08:15:00",73,12.58,7.568,7.519,0.416,11.12
"2019-04-16 08:30:00",74,12.58,8.12,8.18,0.411,11.22
"2019-04-16 08:45:00",75,12.63,8.78,9.02,0.415,11.34
"2019-04-16 09:00:00",76,12.54,9.62,9.99,0.412,11.5
"2019-04-16 09:15:00",77,12.56,10.44,10.56,0.413,11.65
"2019-04-16 09:30:00",78,12.6,10.81,10.86,0.412,11.79
"2019-04-16 09:45:00",79,12.57,11.29,11.5,0.414,11.97
"2019-04-16 10:00:00",80,12.58,11.96,12.22,0.414,12.18
"2019-04-16 10:15:00",81,12.55,12.56,12.6,0.412,12.36
"2019-04-16 10:30:00",82,12.59,12.93,12.93,0.413,12.49
"2019-04-16 10:45:00",83,12.58,13.43,13.6,0.413,12.69
"2019-04-16 11:00:00",84,12.63,13.94,14.24,0.413,12.95
"2019-04-16 11:15:00",85,12.56,14.66,15.07,0.411,13.22
"2019-04-16 11:30:00",86,12.6,15.46,15.97,0.41,13.49
"2019-04-16 11:45:00",87,12.58,16.3,16.85,0.413,13.78
"2019-04-16 12:00:00",88,12.61,16.98,17.53,0.412,14
"2019-04-16 12:15:00",89,12.59,17.67,18.17,0.413,14.2
"2019-04-16 12:30:00",90,12.61,18.14,18.29,0.408,14.39
"2019-04-16 12:45:00",91,12.56,18.71,19.47,0.409,14.59
"2019-04-16 13:00:00",92,12.58,19.52,19.75,0.41,14.75
"2019-04-16 13:15:00",93,12.59,20.11,20.23,0.412,14.95
"2019-04-16 13:30:00",94,12.62,20.38,20.15,0.412,15.12
"2019-04-16 13:45:00",95,12.56,20.33,20.4,0.409,15.22
"2019-04-16 14:00:00",96,12.55,20.92,21.4,0.41,15.29
"2019-04-16 14:15:00",97,12.56,21.61,21.86,0.408,15.36
"2019-04-16 14:30:00",98,12.6,21.89,21.81,0.411,15.37
"2019-04-16 14:45:00",99,12.62,22.08,22.39,0.408,15.33
"2019-04-16 15:00:00",100,12.56,22.79,23.17,0.411,15.3
"2019-04-16 15:15:00",101,12.56,23.02,22.79,0.41,15.21
"2019-04-16 15:30:00",102,12.57,22.9,22.62,0.411,15.1
"2019-04-16 15:45:00",103,12.58,22.46,21.96,0.41,14.94
"2019-04-16 16:00:00",104,12.62,22.26,22.18,0.41,14.83
"2019-04-16 16:15:00",105,12.6,22.2,21.88,0.409,14.7
"2019-04-16 16:30:00",106,12.63,22.11,21.98,0.411,14.56
"2019-04-16 16:45:00",107,12.62,22.31,22.49,0.409,14.4
"2019-04-16 17:00:00",108,12.61,22.41,21.96,0.41,14.26
"2019-04-16 17:15:00",109,12.57,22.25,21.65,0.412,14.12
"2019-04-16 17:30:00",110,12.6,21.86,21.23,0.408,14
"2019-04-16 17:45:00",111,12.56,21.85,21.13,0.409,13.9
"2019-04-16 18:00:00",112,12.61,21.29,20.35,0.411,13.8
"2019-04-16 18:15:00",113,12.63,20.61,19.5,0.411,13.74
"2019-04-16 18:30:00",114,12.65,19.81,18.64,0.409,13.66
"2019-04-16 18:45:00",115,12.56,19.11,17.94,0.41,13.59
"2019-04-16 19:00:00",116,12.61,18.09,16.95,0.409,13.53
"2019-04-16 19:15:00",117,12.62,17.31,16.2,0.411,13.47
"2019-04-16 19:30:00",118,12.64,16.56,15.5,0.409,13.4
"2019-04-16 19:45:00",119,12.61,15.9,14.92,0.41,13.34
"2019-04-16 20:00:00",120,12.62,15.41,14.55,0.41,13.29
"2019-04-16 20:15:00",121,12.6,15.21,14.35,0.411,13.24
"2019-04-16 20:30:00",122,12.62,14.8,13.94,0.409,13.21
"2019-04-16 20:45:00",123,12.62,14.46,13.54,0.408,13.17
"2019-04-16 21:00:00",124,12.58,14.05,13.11,0.409,13.14
"2019-04-16 21:15:00",125,12.63,13.69,12.77,0.409,13.1
"2019-04-16 21:30:00",126,12.57,13.3,12.43,0.407,13.07
"2019-04-16 21:45:00",127,12.6,12.99,12.08,0.407,13.03
"2019-04-16 22:00:00",128,12.56,12.7,11.83,0.409,12.99
"2019-04-16 22:15:00",129,12.6,12.46,11.6,0.408,12.96
"2019-04-16 22:30:00",130,12.57,12.24,11.34,0.41,12.92
"2019-04-16 22:45:00",131,12.62,12,11.13,0.408,12.9
"2019-04-16 23:00:00",132,12.59,11.79,10.93,0.407,12.88
"2019-04-16 23:15:00",133,12.53,11.58,10.77,0.408,12.86
"2019-04-16 23:30:00",134,12.56,11.43,10.63,0.408,12.83
"2019-04-16 23:45:00",135,12.52,11.29,10.46,0.407,12.81
"2019-04-17 00:00:00",136,12.54,11.14,10.33,0.408,12.79
"2019-04-17 00:15:00",137,12.56,11.07,10.26,0.407,12.77
"2019-04-17 00:30:00",138,12.59,10.92,10.17,0.406,12.75
"2019-04-17 00:45:00",139,12.54,10.9,10.22,0.407,12.74
"2019-04-17 01:00:00",140,12.62,10.89,10.29,0.409,12.72
"2019-04-17 01:15:00",141,12.6,11.03,10.54,0.407,12.71
"2019-04-17 01:30:00",142,12.54,11.24,10.77,0.407,12.69
"2019-04-17 01:45:00",143,12.6,11.42,10.9,0.406,12.67
"2019-04-17 02:00:00",144,12.59,11.54,10.98,0.408,12.67
"2019-04-17 02:15:00",145,12.53,11.61,11.12,0.408,12.66
"2019-04-17 02:30:00",146,12.53,11.78,11.33,0.406,12.66
"2019-04-17 02:45:00",147,12.58,12.25,12.23,0.406,12.66
"2019-04-17 03:00:00",148,12.51,13.19,13.61,0.407,12.68
"2019-04-17 03:15:00",149,12.54,14.17,14.23,0.406,12.68
"2019-04-17 03:30:00",150,12.59,14.41,13.94,0.407,12.68
"2019-04-17 03:45:00",151,12.5,14.45,14.1,0.408,12.67
"2019-04-17 04:00:00",152,12.58,14.69,14.49,0.409,12.69
"2019-04-17 04:15:00",153,12.5,14.72,14.26,0.407,12.7
"2019-04-17 04:30:00",154,12.51,14.71,14,0.406,12.7
"2019-04-17 04:45:00",155,12.57,14.06,12.82,0.406,12.67
"2019-04-17 05:00:00",156,12.58,13.24,12.13,0.406,12.65
"2019-04-17 05:15:00",157,12.53,12.56,11.7,0.407,12.64
"2019-04-17 05:30:00",158,12.54,12.45,11.75,0.406,12.62
"2019-04-17 05:45:00",159,12.56,12.17,11.43,0.401,12.61
"2019-04-17 06:00:00",160,12.56,11.97,11.19,0.407,12.59
"2019-04-17 06:15:00",161,12.53,11.92,11.33,0.407,12.59
"2019-04-17 06:30:00",162,12.52,11.97,11.4,0.404,12.59
"2019-04-17 06:45:00",163,12.51,12.13,11.73,0.404,12.59
"2019-04-17 07:00:00",164,12.58,12.38,12.03,0.406,12.6
"2019-04-17 07:15:00",165,12.54,12.8,12.73,0.406,12.64
"2019-04-17 07:30:00",166,12.59,13.48,13.68,0.405,12.71
"2019-04-17 07:45:00",167,12.5,14.5,15.12,0.406,12.83
"2019-04-17 08:00:00",168,12.5,15.69,16.45,0.401,12.97
"2019-04-17 08:15:00",169,12.51,17.09,17.66,0.404,13.1
"2019-04-17 08:30:00",170,12.59,18.03,18.25,0.406,13.21
"2019-04-17 08:45:00",171,12.54,18.61,18.71,0.404,13.31
"2019-04-17 09:00:00",172,12.56,19.07,19.14,0.406,13.41
"2019-04-17 09:15:00",173,12.58,19.63,19.96,0.406,13.54
"2019-04-17 09:30:00",174,12.56,20.3,20.48,0.403,13.65
"2019-04-17 09:45:00",175,12.58,20.8,20.95,0.404,13.8
"2019-04-17 10:00:00",176,12.54,21.38,21.68,0.405,14.01
"2019-04-17 10:15:00",177,12.56,22,22.14,0.405,14.15
"2019-04-17 10:30:00",178,12.57,22.4,22.3,0.405,14.27
"2019-04-17 10:45:00",179,12.46,22.64,22.74,0.406,14.42
"2019-04-17 11:00:00",180,12.5,23.15,23.48,0.405,14.58
"2019-04-17 11:15:00",181,12.59,23.96,24.49,0.404,14.85
"2019-04-17 11:30:00",182,12.49,24.77,25.17,0.406,15.07
"2019-04-17 11:45:00",183,12.55,25.45,25.81,0.405,15.34
"2019-04-17 12:00:00",184,12.59,26.05,26.41,0.403,15.53
"2019-04-17 12:15:00",185,12.57,26.75,27.21,0.406,15.76
"2019-04-17 12:30:00",186,12.47,27.16,27.42,0.405,15.92
"2019-04-17 12:45:00",187,12.48,27.57,27.83,0.404,16.09
"2019-04-17 13:00:00",188,12.57,27.92,27.81,0.406,16.22
"2019-04-17 13:15:00",189,12.58,27.79,27.43,0.404,16.23
"2019-04-17 13:30:00",190,12.5,27.66,27.24,0.406,16.24
"2019-04-17 13:45:00",191,12.58,27.58,27.57,0.404,16.24
"2019-04-17 14:00:00",192,12.55,27.83,27.83,0.405,16.25
"2019-04-17 14:15:00",193,12.57,27.99,27.8,0.405,16.23
"2019-04-17 14:30:00",194,12.53,27.85,27.43,0.406,16.14
"2019-04-17 14:45:00",195,12.58,27.83,27.69,0.405,16.06
"2019-04-17 15:00:00",196,12.51,28.11,28.06,0.405,16.02
"2019-04-17 15:15:00",197,12.57,28.32,28.42,0.405,16.01
"2019-04-17 15:30:00",198,12.51,28.54,28.46,0.404,15.97
"2019-04-17 15:45:00",199,12.51,28.34,27.7,0.404,15.89
"2019-04-17 16:00:00",200,12.59,27.92,27.56,0.403,15.78
"2019-04-17 16:15:00",201,12.55,27.81,27.48,0.404,15.67
"2019-04-17 16:30:00",202,12.59,27.73,27.34,0.405,15.53
"2019-04-17 16:45:00",203,12.54,27.74,27.73,0.404,15.39
"2019-04-17 17:00:00",204,12.6,27.8,27.14,0.403,15.25
"2019-04-17 17:15:00",205,12.54,27.26,26.29,0.404,15.11
"2019-04-17 17:30:00",206,12.57,26.39,25.44,0.404,15.01
"2019-04-17 17:45:00",207,12.56,25.67,24.65,0.401,14.95
"2019-04-17 18:00:00",208,12.58,25.11,24.33,0.405,14.89
"2019-04-17 18:15:00",209,12.51,24.72,23.9,0.405,14.84
"2019-04-17 18:30:00",210,12.51,24.19,23.28,0.405,14.81
"2019-04-17 18:45:00",211,12.57,23.54,22.52,0.404,14.78
"2019-04-17 19:00:00",212,12.61,22.88,22,0.405,14.77
"2019-04-17 19:15:00",213,12.52,22.42,21.59,0.403,14.78
"2019-04-17 19:30:00",214,12.52,21.97,21.11,0.404,14.8
"2019-04-17 19:45:00",215,12.59,21.53,20.64,0.402,14.8
"2019-04-17 20:00:00",216,12.56,21.1,20.31,0.403,14.78
"2019-04-17 20:15:00",217,12.5,20.78,19.87,0.402,14.75
"2019-04-17 20:30:00",218,12.6,20.5,19.55,0.402,14.69
"2019-04-17 20:45:00",219,12.53,19.91,18.91,0.401,14.63
"2019-04-17 21:00:00",220,12.53,19.36,18.32,0.401,14.57
"2019-04-17 21:15:00",221,12.54,18.78,17.79,0.402,14.51
"2019-04-17 21:30:00",222,12.55,18.29,17.38,0.401,14.47
"2019-04-17 21:45:00",223,12.52,17.91,17.05,0.402,14.43
"2019-04-17 22:00:00",224,12.55,17.78,17.03,0.402,14.43
"2019-04-17 22:15:00",225,12.55,17.56,16.87,0.401,14.41
"2019-04-17 22:30:00",226,12.52,17.46,16.73,0.4,14.41
"2019-04-17 22:45:00",227,12.51,17.36,16.6,0.404,14.41
"2019-04-17 23:00:00",228,12.52,17.16,16.24,0.401,14.4
"2019-04-17 23:15:00",229,12.57,16.78,15.84,0.401,14.38
"2019-04-17 23:30:00",230,12.53,16.52,15.6,0.402,14.35
"2019-04-17 23:45:00",231,12.54,16.02,15.15,0.404,14.31
"2019-04-18 00:00:00",232,12.56,15.73,14.88,0.402,14.27
"2019-04-18 00:15:00",233,12.55,15.49,14.66,0.402,14.25
"2019-04-18 00:30:00",234,12.49,15.3,14.45,0.403,14.23
"2019-04-18 00:45:00",235,12.5,15.13,14.35,0.401,14.22
"2019-04-18 01:00:00",236,12.52,15.15,14.42,0.401,14.23
"2019-04-18 01:15:00",237,12.59,14.97,14.23,0.402,14.24
"2019-04-18 01:30:00",238,12.55,14.91,14.13,0.402,14.24
"2019-04-18 01:45:00",239,12.5,14.8,14.02,0.403,14.24
"2019-04-18 02:00:00",240,12.55,14.7,13.95,0.403,14.24
"2019-04-18 02:15:00",241,12.54,14.72,14.19,0.403,14.25
"2019-04-18 02:30:00",242,12.58,14.95,14.51,0.402,14.26
"2019-04-18 02:45:00",243,12.51,15.17,14.64,0.402,14.28
"2019-04-18 03:00:00",244,12.53,15.25,14.65,0.402,14.28
"2019-04-18 03:15:00",245,12.56,15.42,14.88,0.402,14.25
"2019-04-18 03:30:00",246,12.58,15.41,14.64,0.403,14.2
"2019-04-18 03:45:00",247,12.55,15.24,14.45,0.401,14.16
"2019-04-18 04:00:00",248,12.52,15.21,14.44,0.402,14.13
"2019-04-18 04:15:00",249,12.5,14.95,14.18,0.402,14.1
"2019-04-18 04:30:00",250,12.59,14.85,14.14,0.402,14.08
"2019-04-18 04:45:00",251,12.51,14.76,13.99,0.4,14.05
"2019-04-18 05:00:00",252,12.58,14.69,13.9,0.403,14.02
"2019-04-18 05:15:00",253,12.47,14.51,13.76,0.401,13.99
"2019-04-18 05:30:00",254,12.56,14.27,13.37,0.401,13.96
"2019-04-18 05:45:00",255,12.56,13.92,13.08,0.402,13.93
"2019-04-18 06:00:00",256,12.51,13.83,13.13,0.401,13.91
"2019-04-18 06:15:00",257,12.48,13.83,13.46,0.4,13.93
"2019-04-18 06:30:00",258,12.5,14.18,13.85,0.402,13.95
"2019-04-18 06:45:00",259,12.5,14.54,14.35,0.402,13.99
"2019-04-18 07:00:00",260,12.5,15.09,14.94,0.401,14.03
"2019-04-18 07:15:00",261,12.56,15.47,15.06,0.401,14.03
"2019-04-18 07:30:00",262,12.49,15.59,15.03,0.401,14.05
"2019-04-18 07:45:00",263,12.52,15.61,14.9,0.401,14.05
"2019-04-18 08:00:00",264,12.5,15.44,14.64,0.402,14.06
"2019-04-18 08:15:00",265,12.52,15.21,14.46,0.402,14.07
"2019-04-18 08:30:00",266,12.52,15.16,14.53,0.401,14.09
"2019-04-18 08:45:00",267,12.51,15.18,14.75,0.4,14.15
"2019-04-18 09:00:00",268,12.57,15.54,15.6,0.401,14.27
"2019-04-18 09:15:00",269,12.47,15.98,15.64,0.402,14.36
"2019-04-18 09:30:00",270,12.56,16.09,15.82,0.401,14.43
"2019-04-18 09:45:00",271,12.54,16.45,16.49,0.4,14.56
"2019-04-18 10:00:00",272,12.5,17.17,17.4,0.399,14.69
"2019-04-18 10:15:00",273,12.52,17.98,18.3,0.399,14.95
"2019-04-18 10:30:00",274,12.55,18.87,19.32,0.399,15.24
"2019-04-18 10:45:00",275,12.56,19.8,20.04,0.399,15.54
"2019-04-18 11:00:00",276,12.55,20.71,21.15,0.402,15.84
"2019-04-18 11:15:00",277,12.53,21.49,21.76,0.399,16.11
"2019-04-18 11:30:00",278,12.56,22.28,22.67,0.399,16.36
"2019-04-18 11:45:00",279,12.52,23.17,23.69,0.4,16.6
"2019-04-18 12:00:00",280,12.5,24.14,24.89,0.4,16.84
"2019-04-18 12:15:00",281,12.49,25.31,26.25,0.399,17.02
"2019-04-18 12:30:00",282,12.5,26.2,26.45,0.401,17.11
"2019-04-18 12:45:00",283,12.55,26.86,27.22,0.401,17.25
"2019-04-18 13:00:00",284,12.55,27.48,27.52,0.4,17.27
"2019-04-18 13:15:00",285,12.5,28.04,28.45,0.4,17.42
"2019-04-18 13:30:00",286,12.56,28.56,28.5,0.401,17.58
"2019-04-18 13:45:00",287,12.49,28.67,28.59,0.399,17.63
"2019-04-18 14:00:00",288,12.55,29.01,29.26,0.402,17.71
"2019-04-18 14:15:00",289,0,30.05,28.64,"NAN","NAN"
"2019-04-18 14:30:00",290,12.57,29.56,28.28,0.4,17.72
"2019-04-18 14:45:00",291,12.51,30.12,28.99,0.4,17.7
"2019-04-18 15:00:00",292,12.54,32.03,29.79,0.401,17.63
"2019-04-18 15:15:00",293,12.54,31.97,31.8,0.398,17.53
"2019-04-18 15:30:00",294,12.52,32.77,32.28,0.397,17.41
"2019-04-18 15:45:00",295,12.53,32.85,31.62,0.397,17.24
"2019-04-18 16:00:00",296,12.51,32.73,31.46,0.398,17.1
"2019-04-18 16:15:00",297,12.53,32.75,31.5,0.398,16.98
"2019-04-18 16:30:00",298,12.5,32.37,31.11,0.397,16.82
"2019-04-18 16:45:00",299,12.51,32.4,31.41,0.397,16.72
"2019-04-18 17:00:00",300,12.52,32.32,30.73,0.398,16.61
"2019-04-18 17:15:00",301,12.54,31.9,30.27,0.397,16.51
"2019-04-18 17:30:00",302,12.54,31.57,30.23,0.396,16.43
"2019-04-18 17:45:00",303,12.46,31.32,29.62,0.399,16.35
"2019-04-18 18:00:00",304,12.51,30.76,28.85,0.398,16.26
"2019-04-18 18:15:00",305,12.49,30.21,28.37,0.397,16.16
"2019-04-18 18:30:00",306,12.54,29.78,28.08,0.398,16.08
"2019-04-18 18:45:00",307,12.52,29.43,27.65,0.397,16
"2019-04-18 19:00:00",308,12.53,29.1,27.2,0.396,15.92
"2019-04-18 19:15:00",309,12.51,28.72,26.87,0.396,15.84
"2019-04-18 19:30:00",310,12.54,28.46,26.67,0.396,15.77
"2019-04-18 19:45:00",311,12.51,28.2,26.46,0.396,15.72
"2019-04-18 20:00:00",312,12.52,28.05,26.26,0.395,15.68
"2019-04-18 20:15:00",313,12.53,27.88,25.96,0.395,15.64
"2019-04-18 20:30:00",314,12.51,27.69,25.84,0.396,15.6
"2019-04-18 20:45:00",315,12.49,27.65,25.84,0.397,15.58
"2019-04-18 21:00:00",316,12.52,27.65,25.87,0.397,15.54
"2019-04-18 21:15:00",317,12.51,27.63,25.67,0.395,15.52
"2019-04-18 21:30:00",318,12.51,27.46,25.54,0.397,15.51
"2019-04-18 21:45:00",319,12.53,27.25,25.3,0.398,15.49
"2019-04-18 22:00:00",320,12.5,27.04,25.11,0.397,15.47
"2019-04-18 22:15:00",321,12.51,26.88,25.01,0.397,15.47
"2019-04-18 22:30:00",322,12.51,26.9,25.09,0.397,15.46
"2019-04-18 22:45:00",323,12.53,26.98,25.22,0.397,15.47
"2019-04-18 23:00:00",324,12.49,27.03,25.34,0.396,15.46
"2019-04-18 23:15:00",325,12.51,26.97,25.18,0.397,15.45
"2019-04-18 23:30:00",326,12.54,26.94,25.12,0.398,15.44
"2019-04-18 23:45:00",327,12.53,26.81,24.86,0.398,15.42
"2019-04-19 00:00:00",328,12.5,26.65,24.84,0.397,15.41
"2019-04-19 00:15:00",329,12.53,26.59,24.75,0.396,15.41
"2019-04-19 00:30:00",330,12.51,26.45,24.56,0.395,15.41
"2019-04-19 00:45:00",331,12.51,26.33,24.5,0.399,15.41
"2019-04-19 01:00:00",332,12.5,26.27,24.34,0.396,15.42
"2019-04-19 01:15:00",333,12.49,26.23,24.39,0.396,15.42
"2019-04-19 01:30:00",334,12.49,26.19,24.28,0.397,15.43
"2019-04-19 01:45:00",335,12.51,26.18,24.27,0.399,15.44
"2019-04-19 02:00:00",336,12.51,26.06,23.96,0.396,15.45
"2019-04-19 02:15:00",337,12.52,25.87,24.02,0.399,15.45
"2019-04-19 02:30:00",338,12.52,25.99,24.12,0.398,15.45
"2019-04-19 02:45:00",339,12.52,25.95,24.12,0.397,15.44
"2019-04-19 03:00:00",340,12.49,25.66,23.73,0.398,15.42
"2019-04-19 03:15:00",341,12.5,25.52,23.56,0.398,15.4
"2019-04-19 03:30:00",342,12.5,25.37,23.55,0.398,15.38
"2019-04-19 03:45:00",343,12.5,25.32,23.52,0.395,15.37
"2019-04-19 04:00:00",344,12.52,25.35,23.52,0.397,15.36
"2019-04-19 04:15:00",345,12.51,25.34,23.48,0.397,15.36
"2019-04-19 04:30:00",346,12.51,25.31,23.45,0.395,15.37
"2019-04-19 04:45:00",347,12.54,25.25,23.43,0.396,15.37
"2019-04-19 05:00:00",348,12.5,25.26,23.37,0.395,15.38
"2019-04-19 05:15:00",349,12.52,25.27,23.42,0.398,15.39
"2019-04-19 05:30:00",350,12.5,25.21,23.28,0.396,15.39
"2019-04-19 05:45:00",351,12.52,25.16,23.23,0.398,15.39
"2019-04-19 06:00:00",352,12.48,25.18,23.32,0.396,15.4
"2019-04-19 06:15:00",353,12.51,25.25,23.44,0.397,15.4
"2019-04-19 06:30:00",354,12.46,25.29,23.39,0.394,15.41
"2019-04-19 06:45:00",355,12.5,25.27,23.48,0.397,15.42
"2019-04-19 07:00:00",356,12.48,25.37,23.59,0.398,15.44
"2019-04-19 07:15:00",357,12.49,25.5,23.73,0.396,15.45
"2019-04-19 07:30:00",358,12.51,25.59,23.83,0.395,15.47
"2019-04-19 07:45:00",359,12.48,25.64,23.7,0.398,15.49
"2019-04-19 08:00:00",360,12.48,25.65,23.73,0.396,15.5
"2019-04-19 08:15:00",361,12.5,25.55,23.79,0.398,15.52
"2019-04-19 08:30:00",362,12.47,25.48,23.83,0.397,15.55
"2019-04-19 08:45:00",363,12.5,25.56,24.06,0.397,15.58
"2019-04-19 09:00:00",364,12.5,25.4,23.47,0.397,15.6
"2019-04-19 09:15:00",365,12.5,25.16,23.22,0.401,15.62
"2019-04-19 09:30:00",366,12.48,24.9,23,0.404,15.62
"2019-04-19 09:45:00",367,12.46,24.78,23.05,0.41,15.65
"2019-04-19 10:00:00",368,12.5,24.78,22.94,0.425,15.65
"2019-04-19 10:15:00",369,12.5,24.52,22.97,0.433,15.67
"2019-04-19 10:30:00",370,12.45,24.79,23.37,0.43,15.7
"2019-04-19 10:45:00",371,12.51,25.11,23.63,0.428,15.66
"2019-04-19 11:00:00",372,12.48,25.36,23.9,0.418,15.66
"2019-04-19 11:15:00",373,12.52,25.74,24.27,0.412,15.74
"2019-04-19 11:30:00",374,12.46,26.16,24.57,0.411,15.81
"2019-04-19 11:45:00",375,12.48,26.36,24.73,0.409,15.85
"2019-04-19 12:00:00",376,12.48,26.36,24.27,0.411,15.9
"2019-04-19 12:15:00",377,12.48,26,24.04,0.414,15.96
"2019-04-19 12:30:00",378,12.5,25.89,23.88,0.413,15.96
"2019-04-19 12:45:00",379,12.48,26,24.23,0.408,15.93
"2019-04-19 13:00:00",380,12.49,26.06,24.35,0.403,15.9
"2019-04-19 13:15:00",381,12.49,26.32,23.53,0.401,15.95
"2019-04-19 13:30:00",382,12.47,24.87,23.17,0.401,16
"2019-04-19 13:45:00",383,12.48,24.86,23.49,0.4,16.02
"2019-04-19 14:00:00",384,12.51,24.3,23.25,0.398,16.05
"2019-04-19 14:15:00",385,12.51,24.09,23.6,0.398,16.06
"2019-04-19 14:30:00",386,12.48,25.02,24.38,0.398,16.03
"2019-04-19 14:45:00",387,12.49,25.05,23.55,0.399,16
"2019-04-19 15:00:00",388,12.47,24.73,23.22,0.405,15.97
"2019-04-19 15:15:00",389,12.47,24.19,22.3,0.406,15.88
"2019-04-19 15:30:00",390,12.49,23.59,21.99,0.406,15.8
"2019-04-19 15:45:00",391,12.49,23.39,21.86,0.407,15.71
"2019-04-19 16:00:00",392,12.49,23.29,21.77,0.406,15.63
"2019-04-19 16:15:00",393,12.49,23.22,21.95,0.407,15.6
"2019-04-19 16:30:00",394,12.47,23.26,22.02,0.418,15.65
"2019-04-19 16:45:00",395,12.47,23.33,21.94,0.417,15.65
"2019-04-19 17:00:00",396,12.51,23.37,22.07,0.421,15.63
"2019-04-19 17:15:00",397,12.5,23.46,22.07,0.42,15.56
"2019-04-19 17:30:00",398,12.45,23.42,21.97,0.415,15.52
"2019-04-19 17:45:00",399,12.48,23.38,21.99,0.415,15.49
"2019-04-19 18:00:00",400,12.47,23.41,22.11,0.414,15.49
"2019-04-19 18:15:00",401,12.48,23.48,22.18,0.412,15.47
"2019-04-19 18:30:00",402,12.46,23.54,22.19,0.407,15.46
"2019-04-19 18:45:00",403,12.47,23.55,22.18,0.409,15.45
"2019-04-19 19:00:00",404,12.48,23.52,22.13,0.409,15.44
"2019-04-19 19:15:00",405,12.5,23.5,22.13,0.406,15.42
"2019-04-19 19:30:00",406,12.51,23.4,21.79,0.406,15.4
"2019-04-19 19:45:00",407,12.47,23.19,21.69,0.402,15.39
"2019-04-19 20:00:00",408,12.48,23.29,21.89,0.407,15.38
"2019-04-19 20:15:00",409,12.46,23.23,21.85,0.404,15.38
"2019-04-19 20:30:00",410,12.49,23.25,21.93,0.405,15.38
"2019-04-19 20:45:00",411,12.49,23.32,22.01,0.404,15.37
"2019-04-19 21:00:00",412,12.48,23.35,22.02,0.404,15.37
"2019-04-19 21:15:00",413,12.46,23.34,22.02,0.403,15.36
"2019-04-19 21:30:00",414,12.47,23.36,22.01,0.402,15.35
"2019-04-19 21:45:00",415,12.49,23.36,22,0.403,15.35
"2019-04-19 22:00:00",416,12.51,23.28,21.87,0.404,15.35
"2019-04-19 22:15:00",417,12.47,23.22,21.88,0.404,15.35
"2019-04-19 22:30:00",418,12.46,23.17,21.76,0.404,15.34
"2019-04-19 22:45:00",419,12.49,23.22,21.81,0.403,15.33
"2019-04-19 23:00:00",420,12.48,22.98,21.55,0.402,15.31
"2019-04-19 23:15:00",421,12.47,22.88,21.48,0.401,15.3
"2019-04-19 23:30:00",422,12.48,22.82,21.46,0.402,15.29
"2019-04-19 23:45:00",423,12.47,22.78,21.36,0.4,15.28
"2019-04-20 00:00:00",424,12.46,22.59,20.96,0.402,15.28
"2019-04-20 00:15:00",425,12.46,22.23,20.74,0.409,15.27
"2019-04-20 00:30:00",426,12.49,22.02,20.42,0.413,15.25
"2019-04-20 00:45:00",427,12.48,21.74,20.08,0.411,15.17
"2019-04-20 01:00:00",428,12.5,21.41,19.78,0.41,15.08
"2019-04-20 01:15:00",429,12.47,21.16,19.57,0.406,15.01
"2019-04-20 01:30:00",430,12.47,20.9,19.25,0.406,14.96
"2019-04-20 01:45:00",431,12.48,20.59,18.94,0.405,14.89
"2019-04-20 02:00:00",432,12.49,20.34,18.6,0.405,14.81
"2019-04-20 02:15:00",433,12.48,19.89,18.2,0.405,14.72
"2019-04-20 02:30:00",434,12.47,19.54,17.85,0.404,14.66
"2019-04-20 02:45:00",435,12.46,19.25,17.57,0.406,14.59
"2019-04-20 03:00:00",436,12.46,19.09,17.37,0.403,14.51
"2019-04-20 03:15:00",437,12.49,18.59,16.8,0.406,14.43
"2019-04-20 03:30:00",438,12.51,18.21,16.45,0.403,14.37
"2019-04-20 03:45:00",439,12.51,17.91,16.26,0.404,14.33
"2019-04-20 04:00:00",440,12.48,17.83,16.39,0.404,14.3
"2019-04-20 04:15:00",441,12.49,17.92,16.5,0.4,14.29
"2019-04-20 04:30:00",442,12.49,17.84,16.2,0.402,14.25
"2019-04-20 04:45:00",443,12.49,17.69,15.99,0.403,14.2
"2019-04-20 05:00:00",444,12.49,17.4,15.71,0.402,14.15
"2019-04-20 05:15:00",445,12.48,17.21,15.74,0.402,14.12
"2019-04-20 05:30:00",446,12.47,17.15,15.64,0.401,14.07
"2019-04-20 05:45:00",447,12.49,17.04,15.51,0.403,14.04
"2019-04-20 06:00:00",448,12.46,16.87,15.32,0.403,14.02
"2019-04-20 06:15:00",449,12.48,16.74,15.29,0.4,14
"2019-04-20 06:30:00",450,12.49,16.75,15.37,0.4,13.99
"2019-04-20 06:45:00",451,12.48,16.79,15.42,0.4,13.99
"2019-04-20 07:00:00",452,12.5,16.82,15.41,0.4,13.98
"2019-04-20 07:15:00",453,12.44,16.78,15.43,0.402,13.97
"2019-04-20 07:30:00",454,12.49,16.84,15.48,0.398,13.97
"2019-04-20 07:45:00",455,12.49,16.79,15.42,0.401,13.96
"2019-04-20 08:00:00",456,12.49,16.79,15.4,0.4,13.97
"2019-04-20 08:15:00",457,12.51,16.73,15.43,0.4,13.97
"2019-04-20 08:30:00",458,12.46,16.8,15.54,0.399,13.99
"2019-04-20 08:45:00",459,12.46,16.96,15.74,0.399,14.03
"2019-04-20 09:00:00",460,12.47,17.13,15.92,0.397,14.06
"2019-04-20 09:15:00",461,12.49,17.14,15.75,0.398,14.03
"2019-04-20 09:30:00",462,12.47,17.12,15.85,0.399,13.99
"2019-04-20 09:45:00",463,12.49,17.23,16.14,0.399,14.03
"2019-04-20 10:00:00",464,12.46,17.42,16.19,0.398,14.02
"2019-04-20 10:15:00",465,12.47,17.78,16.99,0.4,14.17
"2019-04-20 10:30:00",466,12.48,18.1,17.18,0.398,14.27
"2019-04-20 10:45:00",467,12.49,18.71,18.12,0.398,14.54
"2019-04-20 11:00:00",468,12.5,19.11,18.39,0.4,14.69
"2019-04-20 11:15:00",469,12.49,19.25,18.25,0.396,14.78
"2019-04-20 11:30:00",470,12.47,19.59,19.74,0.397,15.08
"2019-04-20 11:45:00",471,12.46,20.09,18.68,0.394,14.95
"2019-04-20 12:00:00",472,12.48,19.53,17.91,0.397,14.89
"2019-04-20 12:15:00",473,12.47,19.15,17.82,0.397,14.77
"2019-04-20 12:30:00",474,12.47,18.98,17.75,0.396,14.64
"2019-04-20 12:45:00",475,12.47,19.13,18.03,0.398,14.65
"2019-04-20 13:00:00",476,12.47,18.98,17.57,0.396,14.51
"2019-04-20 13:15:00",477,12.45,18.7,17.2,0.397,14.46
"2019-04-20 13:30:00",478,12.47,18.55,17.21,0.399,14.38
"2019-04-20 13:45:00",479,12.46,18.41,17.03,0.394,14.3
"2019-04-20 14:00:00",480,12.48,18.32,17.12,0.399,14.29
"2019-04-20 14:15:00",481,12.49,18.88,18.28,0.398,14.45
"2019-04-20 14:30:00",482,12.47,19.34,18.59,0.395,14.62
"2019-04-20 14:45:00",483,12.49,19.66,18.14,0.399,14.54
"2019-04-20 15:00:00",484,12.48,19.16,17.53,0.397,14.4
"2019-04-20 15:15:00",485,12.45,18.91,17.62,0.397,14.36
"2019-04-20 15:30:00",486,12.49,19.24,18.41,0.398,14.4
"2019-04-20 15:45:00",487,12.46,19.25,17.59,0.398,14.3
"2019-04-20 16:00:00",488,12.46,18.58,16.88,0.395,14.22
"2019-04-20 16:15:00",489,12.48,18.05,16.36,0.398,14.12
"2019-04-20 16:30:00",490,12.47,17.65,16.04,0.396,14.05
"2019-04-20 16:45:00",491,12.47,17.22,15.37,0.397,14
"2019-04-20 17:00:00",492,12.48,16.79,15.1,0.395,13.95
"2019-04-20 17:15:00",493,12.47,16.52,14.68,0.397,13.9
"2019-04-20 17:30:00",494,12.49,15.85,13.94,0.397,13.86
"2019-04-20 17:45:00",495,12.47,15.42,13.64,0.394,13.83
"2019-04-20 18:00:00",496,12.46,15.19,13.58,0.394,13.81
"2019-04-20 18:15:00",497,12.47,15.15,13.69,0.397,13.8
"2019-04-20 18:30:00",498,12.46,15.15,13.71,0.394,13.78
"2019-04-20 18:45:00",499,12.45,15.14,13.67,0.394,13.74
"2019-04-20 19:00:00",500,12.47,15.26,13.67,0.396,13.69
"2019-04-20 19:15:00",501,12.46,15.11,13.44,0.397,13.64
"2019-04-20 19:30:00",502,12.47,14.76,13.13,0.398,13.59
"2019-04-20 19:45:00",503,12.45,14.59,12.92,0.397,13.54
"2019-04-20 20:00:00",504,12.47,14.39,12.75,0.394,13.49
"2019-04-20 20:15:00",505,12.47,14.22,12.56,0.395,13.45
"2019-04-20 20:30:00",506,12.49,14.07,12.45,0.394,13.41
"2019-04-20 20:45:00",507,12.45,13.87,12.23,0.393,13.37
"2019-04-20 21:00:00",508,12.46,13.85,12.32,0.393,13.35
"2019-04-20 21:15:00",509,12.49,13.82,12.33,0.395,13.34
"2019-04-20 21:30:00",510,12.45,13.79,12.28,0.396,13.33
"2019-04-20 21:45:00",511,12.47,13.61,11.98,0.394,13.32
"2019-04-20 22:00:00",512,12.48,13.38,11.69,0.396,13.28
"2019-04-20 22:15:00",513,12.46,13.18,11.59,0.394,13.24
"2019-04-20 22:30:00",514,12.46,13.11,11.45,0.395,13.21
"2019-04-20 22:45:00",515,12.46,12.97,11.38,0.396,13.17
"2019-04-20 23:00:00",516,12.47,12.89,11.27,0.392,13.13
"2019-04-20 23:15:00",517,12.45,12.68,11,0.396,13.09
"2019-04-20 23:30:00",518,12.46,12.47,10.85,0.391,13.06
"2019-04-20 23:45:00",519,12.44,12.4,10.76,0.393,13.03
"2019-04-21 00:00:00",520,12.46,12.25,10.74,0.394,13.01
"2019-04-21 00:15:00",521,12.46,12.26,10.79,0.394,13
"2019-04-21 00:30:00",522,12.45,12.36,10.97,0.394,13
"2019-04-21 00:45:00",523,12.45,12.48,11.02,0.393,13
"2019-04-21 01:00:00",524,12.45,12.52,10.97,0.394,12.99
"2019-04-21 01:15:00",525,12.41,12.59,10.94,0.395,12.97
"2019-04-21 01:30:00",526,12.46,12.43,10.82,0.393,12.94
"2019-04-21 01:45:00",527,12.43,12.18,10.65,0.397,12.92
"2019-04-21 02:00:00",528,12.45,12.19,10.78,0.393,12.91
"2019-04-21 02:15:00",529,12.46,12.36,11.15,0.393,12.9
"2019-04-21 02:30:00",530,12.44,12.64,11.3,0.394,12.92
"2019-04-21 02:45:00",531,12.48,12.72,11.25,0.394,12.89
"2019-04-21 03:00:00",532,12.44,12.73,11.22,0.39,12.86
"2019-04-21 03:15:00",533,12.46,12.78,11.31,0.392,12.83
"2019-04-21 03:30:00",534,12.45,12.81,11.33,0.393,12.82
"2019-04-21 03:45:00",535,12.44,12.9,11.46,0.392,12.79
"2019-04-21 04:00:00",536,12.45,12.95,11.55,0.393,12.78
"2019-04-21 04:15:00",537,12.46,13.08,11.62,0.393,12.75
"2019-04-21 04:30:00",538,12.45,13.13,11.58,0.392,12.74
"2019-04-21 04:45:00",539,12.44,13.08,11.45,0.392,12.72
"2019-04-21 05:00:00",540,12.44,12.86,11.21,0.39,12.69
"2019-04-21 05:15:00",541,12.45,12.68,11.08,0.392,12.66
"2019-04-21 05:30:00",542,12.43,12.5,10.83,0.392,12.63
"2019-04-21 05:45:00",543,12.46,12.34,10.73,0.39,12.59
"2019-04-21 06:00:00",544,12.46,12.19,10.74,0.395,12.58
"2019-04-21 06:15:00",545,12.46,12.31,10.94,0.392,12.58
"2019-04-21 06:30:00",546,12.46,12.55,11.36,0.393,12.59
"2019-04-21 06:45:00",547,12.43,12.94,11.79,0.391,12.6
"2019-04-21 07:00:00",548,12.45,13.32,12.02,0.394,12.62
"2019-04-21 07:15:00",549,12.4,13.48,12.07,0.392,12.63
"2019-04-21 07:30:00",550,12.42,13.56,12.12,0.392,12.65
"2019-04-21 07:45:00",551,12.42,13.67,12.35,0.391,12.67
"2019-04-21 08:00:00",552,12.43,13.96,12.74,0.391,12.73
"2019-04-21 08:15:00",553,12.44,14.37,13.19,0.388,12.78
"2019-04-21 08:30:00",554,12.44,14.84,13.73,0.392,12.86
"2019-04-21 08:45:00",555,12.44,15.36,14.21,0.391,12.93
"2019-04-21 09:00:00",556,12.43,15.88,14.92,0.393,13.07
"2019-04-21 09:15:00",557,12.44,16.55,15.65,0.39,13.22
"2019-04-21 09:30:00",558,12.42,17.12,15.93,0.389,13.39
"2019-04-21 09:45:00",559,12.43,17.43,16.07,0.393,13.49
"2019-04-21 10:00:00",560,12.43,17.63,16.35,0.387,13.56
"2019-04-21 10:15:00",561,12.45,18.07,17.31,0.393,13.71
"2019-04-21 10:30:00",562,12.46,18.71,17.92,0.389,13.83
"2019-04-21 10:45:00",563,12.44,19.32,18.68,0.393,13.95
"2019-04-21 11:00:00",564,12.43,20.13,19.65,0.39,14.17
"2019-04-21 11:15:00",565,12.45,20.9,20.21,0.391,14.32
"2019-04-21 11:30:00",566,12.42,21.3,21.25,0.392,14.54
"2019-04-21 11:45:00",567,12.47,22.18,21.5,0.391,14.76
"2019-04-21 12:00:00",568,12.44,22.86,23.05,0.39,14.88
"2019-04-21 12:15:00",569,12.43,24.1,23.85,0.392,14.99
"2019-04-21 12:30:00",570,12.44,24.35,23.4,0.386,15.19
"2019-04-21 12:45:00",571,12.45,24.34,23.45,0.391,15.39
"2019-04-21 13:00:00",572,12.42,24.49,23.66,0.391,15.51
"2019-04-21 13:15:00",573,12.44,25.14,24.45,0.391,15.65
"2019-04-21 13:30:00",574,12.44,25.45,24.51,0.394,15.79
"2019-04-21 13:45:00",575,12.45,25.63,24.5,0.391,15.88
"2019-04-21 14:00:00",576,12.48,25.55,23.66,0.389,15.88
"2019-04-21 14:15:00",577,12.43,25.2,24.23,0.394,15.94
"2019-04-21 14:30:00",578,12.42,25.16,23.33,0.389,15.87
"2019-04-21 14:45:00",579,12.46,24.97,24.1,0.391,15.86
"2019-04-21 15:00:00",580,12.44,25.57,24.45,0.389,15.85
"2019-04-21 15:15:00",581,12.46,25.91,24.64,0.388,15.75
"2019-04-21 15:30:00",582,12.46,25.91,24.73,0.386,15.57
"2019-04-21 15:45:00",583,12.46,25.15,23.27,0.39,15.5
"2019-04-21 16:00:00",584,12.48,24.7,22.89,0.388,15.41
"2019-04-21 16:15:00",585,12.44,24.28,22.6,0.391,15.24
"2019-04-21 16:30:00",586,12.43,24.1,22.42,0.387,15.06
"2019-04-21 16:45:00",587,12.43,24.07,22.85,0.387,14.97
"2019-04-21 17:00:00",588,12.45,24.18,22.47,0.387,14.88
"2019-04-21 17:15:00",589,12.46,23.84,22,0.39,14.77
"2019-04-21 17:30:00",590,12.48,23.46,21.57,0.387,14.66
"2019-04-21 17:45:00",591,12.46,23.19,21.35,0.389,14.59
"2019-04-21 18:00:00",592,12.46,22.85,20.81,0.389,14.5
"2019-04-21 18:15:00",593,12.44,22.4,20.39,0.388,14.43
"2019-04-21 18:30:00",594,12.45,21.94,19.88,0.391,14.38
"2019-04-21 18:45:00",595,12.46,21.57,19.56,0.388,14.31
"2019-04-21 19:00:00",596,12.46,21.21,19.21,0.389,14.25
"2019-04-21 19:15:00",597,12.46,20.88,18.85,0.389,14.19
"2019-04-21 19:30:00",598,12.46,20.51,18.47,0.39,14.12
"2019-04-21 19:45:00",599,12.47,20.18,18.21,0.39,14.06
"2019-04-21 20:00:00",600,12.47,19.91,17.9,0.383,14
"2019-04-21 20:15:00",601,12.43,19.72,17.77,0.386,13.94
"2019-04-21 20:30:00",602,12.44,19.51,17.55,0.383,13.89
"2019-04-21 20:45:00",603,12.46,19.32,17.39,0.387,13.85
"2019-04-21 21:00:00",604,12.45,19.21,17.29,0.388,13.79
"2019-04-21 21:15:00",605,12.45,19.25,17.24,0.388,13.76
"2019-04-21 21:30:00",606,12.46,18.89,16.86,0.386,13.72
"2019-04-21 21:45:00",607,12.42,18.69,16.68,0.384,13.68
"2019-04-21 22:00:00",608,12.43,18.48,16.54,0.386,13.64
"2019-04-21 22:15:00",609,12.46,18.34,16.38,0.388,13.61
"2019-04-21 22:30:00",610,12.42,18.19,16.2,0.387,13.57
"2019-04-21 22:45:00",611,12.44,17.98,15.95,0.385,13.54
"2019-04-21 23:00:00",612,12.43,17.92,15.94,0.388,13.49
"2019-04-21 23:15:00",613,12.47,17.85,15.94,0.388,13.44
"2019-04-21 23:30:00",614,12.44,17.63,15.63,0.385,13.4
"2019-04-21 23:45:00",615,12.45,17.41,15.37,0.383,13.36
"2019-04-22 00:00:00",616,12.43,17.18,15.09,0.387,13.33
"2019-04-22 00:15:00",617,12.47,16.9,14.79,0.389,13.27
"2019-04-22 00:30:00",618,12.45,16.61,14.48,0.383,13.22
"2019-04-22 00:45:00",619,12.43,16.42,14.33,0.386,13.19
"2019-04-22 01:00:00",620,12.45,16.22,14.24,0.385,13.16
"2019-04-22 01:15:00",621,12.45,16.21,14.24,0.385,13.12
"2019-04-22 01:30:00",622,12.43,16.16,14.27,0.388,13.1
"2019-04-22 01:45:00",623,12.46,16.19,14.29,0.385,13.06
"2019-04-22 02:00:00",624,12.44,16.15,14.18,0.387,13.04
"2019-04-22 02:15:00",625,12.47,16.07,14.04,0.388,13.01
"2019-04-22 02:30:00",626,12.43,15.94,13.94,0.387,12.98
"2019-04-22 02:45:00",627,12.42,15.87,13.89,0.383,12.97
"2019-04-22 03:00:00",628,12.42,15.88,13.98,0.387,12.95
"2019-04-22 03:15:00",629,12.43,15.84,13.87,0.388,12.92
"2019-04-22 03:30:00",630,12.45,15.66,13.63,0.388,12.89
"2019-04-22 03:45:00",631,12.42,15.52,13.51,0.386,12.87
"2019-04-22 04:00:00",632,12.46,15.4,13.33,0.388,12.85
"2019-04-22 04:15:00",633,12.44,15.25,13.23,0.386,12.82
"2019-04-22 04:30:00",634,12.42,15.15,13.16,0.388,12.8
"2019-04-22 04:45:00",635,12.44,15.22,13.21,0.385,12.78
"2019-04-22 05:00:00",636,12.44,15.17,13.16,0.387,12.75
"2019-04-22 05:15:00",637,12.44,14.94,12.89,0.386,12.73
"2019-04-22 05:30:00",638,12.42,14.8,12.78,0.385,12.7
"2019-04-22 05:45:00",639,12.42,14.69,12.65,0.386,12.68
"2019-04-22 06:00:00",640,12.42,14.66,12.7,0.383,12.67
"2019-04-22 06:15:00",641,12.43,14.77,12.95,0.385,12.66
"2019-04-22 06:30:00",642,12.43,14.98,13.06,0.387,12.66
"2019-04-22 06:45:00",643,12.43,15.05,13.21,0.383,12.66
"2019-04-22 07:00:00",644,12.43,15.3,13.61,0.386,12.68
"2019-04-22 07:15:00",645,12.43,15.65,13.97,0.385,12.7
"2019-04-22 07:30:00",646,12.42,16.03,14.43,0.386,12.73
"2019-04-22 07:45:00",647,12.45,16.46,14.86,0.383,12.77
"2019-04-22 08:00:00",648,12.41,16.9,15.37,0.384,12.82
"2019-04-22 08:15:00",649,12.41,17.33,15.83,0.386,12.87
"2019-04-22 08:30:00",650,12.43,17.81,16.32,0.387,12.94
"2019-04-22 08:45:00",651,12.41,18.47,17.21,0.382,13.07
"2019-04-22 09:00:00",652,12.42,19.28,18.1,0.385,13.23
"2019-04-22 09:15:00",653,12.43,20.02,18.79,0.385,13.4
"2019-04-22 09:30:00",654,12.4,20.68,19.24,0.382,13.57
"2019-04-22 09:45:00",655,12.45,21.06,19.58,0.386,13.72
"2019-04-22 10:00:00",656,12.4,21.59,20.38,0.386,13.93
"2019-04-22 10:15:00",657,12.45,22.28,21.13,0.386,14.09
"2019-04-22 10:30:00",658,12.41,22.93,21.83,0.388,14.29
"2019-04-22 10:45:00",659,12.44,23.57,19.34,0.386,14.49
"2019-04-22 11:00:00",660,12.43,22.71,18.99,0.387,14.69
"2019-04-22 11:15:00",661,12.42,22.87,19.92,0.387,14.91
"2019-04-22 11:30:00",0,12.43,21.41,19.73,0.416,15.09
"2019-04-22 11:45:00",1,12.43,21.86,21.55,0.417,15.29
