"TOA5","CR6_FCRcatwalk","CR6","8321","CR6.Std.07.02","CPU:FCR_Catwalk_20210107_waterbath.CR6","30172","Catwalk"
"TIMESTAMP","RECORD","BattV","PTemp_C","wtr_surface","wtr_1","wtr_2","wtr_3","wtr_4","wtr_5","wtr_6","wtr_7","wtr_8","wtr_9","doobs_5","dosat_5","dotemp_5","doobs_9","dosat_9","dotemp_9","EXO_Date","EXO_Time","EXO_wtr_1","Cond_1","SpCond_1","TDS_1","dosat_1","doobs_1","Chla_RFU_1","Chla_1","BGAPC_RFU_1","BGAPC_1","fDOM_RFU_1","fDOM_QSU_1","EXO_pressure","EXO_depth","EXO_battery","EXO_cablepower","EXO_wiper"
"TS","RN","Volts","Deg C","°C","°C","°C","°C","°C","°C","°C","°C","°C","°C","","","","","","","","","","","","","","","","","","","","","","","","",""
"","","Smp","Smp","Smp","Smp","Smp","Smp","Smp","Smp","Smp","Smp","Smp","Smp","Smp","Smp","Smp","Smp","Smp","Smp","Smp","Smp","Smp","Smp","Smp","Smp","Smp","Smp","Smp","Smp","Smp","Smp","Smp","Smp","Smp","Smp","Smp","Smp","Smp"
"2021-01-07 10:41:00",11,13.94,3.781,3.694025,3.90722,3.688287,3.613855,3.988489,4.007501,1.986383,1.474878,3.405878,3.655237,13.61809,99.794,2.490341,13.64161,98.59265,1.981529,210107,104001,4.56,21.06,34.55,22.45,101.46,13.11,2.55,10.26,0.59,0.49,6.12,18.32,0.33,0.032,5.76,12.93,1.21
"2021-01-07 10:42:00",12,13.98,3.805,3.695123,3.908502,3.687158,3.614831,4.000543,3.819238,2.524103,1.728937,3.423639,3.654718,13.63816,99.8418,2.453651,13.70751,98.86043,1.90461,210107,104131,4.564,21.06,34.55,22.46,101.5,13.11,2.68,10.77,0.57,0.47,6.11,18.29,0.33,0.031,5.76,12.94,1.21
"2021-01-07 10:43:00",13,13.94,3.832,3.695581,3.91073,3.685266,3.616693,4.011377,3.356225,2.722681,1.885309,3.4414,3.654413,13.64657,99.6059,2.34362,13.79377,99.0113,1.731339,210107,104131,4.564,21.06,34.55,22.46,101.5,13.11,2.68,10.77,0.57,0.47,6.11,18.29,0.33,0.031,5.76,12.94,1.21
"2021-01-07 10:44:00",14,13.93,3.86,3.696313,3.921655,3.683374,3.61886,4.022607,3.151849,2.849969,2.045099,3.45556,3.655023,13.67951,99.7029,2.290771,13.88721,99.3051,1.593575,210107,104301,4.564,21.06,34.54,22.45,101.51,13.11,2.12,8.5,0.42,0.31,6.12,18.33,0.33,0.032,5.76,12.94,1.2
"2021-01-07 10:45:00",15,13.97,3.896,3.697412,3.914941,3.681451,3.620752,4.032068,3.391321,3.244287,2.254724,3.467035,3.654047,13.64312,99.6519,2.37001,13.7402,98.92155,1.840126,210107,104431,4.563,21.06,34.55,22.46,101.52,13.11,2.02,8.1,0.38,0.28,6.12,18.32,0.33,0.032,5.76,12.93,1.2
"2021-01-07 10:46:00",16,13.95,3.926,3.698389,3.919885,3.680383,3.622613,4.041315,3.445367,3.627374,2.487268,3.478082,3.654657,13.65384,99.6318,2.333603,13.74069,98.95718,1.851952,210107,104431,4.563,21.06,34.55,22.46,101.52,13.11,2.02,8.1,0.38,0.28,6.12,18.32,0.33,0.032,5.76,12.93,1.2
"2021-01-07 10:47:00",17,13.95,3.954,3.698541,3.928766,3.679773,3.625024,4.052179,3.490655,4.075769,2.736627,3.487665,3.654565,13.69859,99.7062,2.240646,13.81268,99.215,1.756248,210107,104601,4.566,21.06,34.54,22.45,101.51,13.11,2.36,9.45,0.55,0.45,6.13,18.34,0.33,0.032,5.76,12.93,1.21
"2021-01-07 10:48:00",18,13.95,4.003,3.699121,3.933435,3.678522,3.627313,4.060724,3.428613,4.312433,2.947198,3.496881,3.654565,13.68496,99.7473,2.292503,13.84818,99.3038,1.695442,210107,104731,4.561,21.06,34.54,22.45,101.52,13.11,2,8.03,0.37,0.27,6.11,18.29,0.33,0.031,5.76,12.92,1.21
"2021-01-07 10:49:00",19,13.94,4.067,3.699731,3.932458,3.67782,3.629785,4.067621,3.341272,4.536493,3.172388,3.505548,3.654809,13.68141,99.6542,2.267616,13.83821,99.3275,1.730293,210107,104731,4.561,21.06,34.54,22.45,101.52,13.11,2,8.03,0.37,0.27,6.11,18.29,0.33,0.031,5.76,12.92,1.21
"2021-01-07 10:50:00",20,13.95,4.14,3.700403,3.918542,3.676507,3.632226,4.073419,3.245355,4.040704,3.342187,3.514093,3.654809,13.6725,99.6407,2.286629,13.82409,99.2645,1.744415,210107,104901,4.559,21.06,34.54,22.45,101.49,13.11,3.24,13.04,0.66,0.56,6.11,18.29,0.32,0.028,5.76,12.92,1.21
"2021-01-07 10:51:00",21,13.94,4.202,3.700799,3.919733,3.676538,3.63479,4.077112,3.378412,3.600488,3.509393,3.52279,3.65484,13.65646,99.6822,2.345146,13.81561,99.2771,1.771393,210107,105031,4.558,21.06,34.55,22.46,101.53,13.12,2.09,8.39,0.41,0.3,6.1,18.27,0.32,0.026,5.76,12.93,1.2
"2021-01-07 10:52:00",22,13.95,4.26,3.700952,3.919824,3.676202,3.637018,4.082513,3.602045,3.305902,3.781641,3.530786,3.65423,13.62382,99.5383,2.380188,13.77696,99.2013,1.845688,210107,105031,4.558,21.06,34.55,22.46,101.53,13.12,2.09,8.39,0.41,0.3,6.1,18.27,0.32,0.026,5.76,12.93,1.2
"2021-01-07 10:53:00",23,13.95,4.311,3.699609,3.893274,3.676782,3.637872,4.086389,4.207025,2.994714,3.805231,3.538049,3.653833,13.65416,99.592,2.318062,13.77931,99.1514,1.821152,210107,105201,4.562,21.06,34.55,22.46,101.54,13.12,2.41,9.69,0.52,0.42,6.11,18.3,0.32,0.024,5.76,12.92,1.21
"2021-01-07 10:54:00",24,13.95,4.338,3.701257,3.930414,3.675348,3.639276,4.089899,4.085779,2.794,3.914423,3.545648,3.652673,13.63986,99.5512,2.341537,13.84392,99.4078,1.744743,210107,105331,4.555,21.06,34.55,22.46,101.53,13.12,2.73,10.98,0.56,0.46,6.12,18.31,0.32,0.022,5.76,12.93,1.21
"2021-01-07 10:55:00",25,13.95,4.36,3.700861,3.922845,3.675348,3.641351,4.094751,4.634424,2.527002,3.837183,3.552454,3.651361,13.61882,99.4792,2.371757,13.81254,99.3091,1.791245,210107,105331,4.555,21.06,34.55,22.46,101.53,13.12,2.73,10.98,0.56,0.46,6.12,18.31,0.32,0.022,5.76,12.93,1.21
"2021-01-07 10:56:00",26,14.02,4.382,3.700586,3.924249,3.676324,3.642206,4.099298,4.983331,2.273981,3.77572,3.558191,3.651208,13.63933,99.6146,2.366386,13.83067,99.3929,1.774178,210107,105501,4.558,21.06,34.55,22.46,101.53,13.12,2.13,8.56,0.44,0.34,6.12,18.32,0.32,0.023,5.76,12.92,1.21
"2021-01-07 10:57:00",27,13.96,4.402,3.701257,3.922754,3.676385,3.643182,4.102838,5.229028,2.241083,4.071496,3.563867,3.650812,13.61248,99.5549,2.416939,13.79376,99.2711,1.826912,210107,105631,4.547,21.08,34.6,22.49,101.56,13.12,2.33,9.37,0.52,0.41,6.12,18.32,0.32,0.024,5.76,12.93,1.21
"2021-01-07 10:58:00",28,13.95,4.447,3.701898,3.928277,3.676385,3.64425,4.106317,5.051904,2.107721,4.346735,3.569391,3.6513,13.61045,99.5435,2.41832,13.82513,99.3707,1.780609,210107,105631,4.547,21.08,34.6,22.49,101.56,13.12,2.33,9.37,0.52,0.41,6.12,18.32,0.32,0.024,5.76,12.93,1.21
"2021-01-07 10:59:00",29,13.96,4.501,3.701379,3.918909,3.676691,3.645074,4.109277,4.784845,2.067407,4.372095,3.573511,3.651605,13.58016,99.4242,2.456238,13.80583,99.3585,1.82708,210107,105801,4.548,21.06,34.56,22.46,101.49,13.11,2.88,11.57,0.48,0.37,6.1,18.28,0.32,0.025,5.76,12.93,1.21
"2021-01-07 11:00:00",30,13.98,4.543,3.70141,3.92074,3.675439,3.645532,4.112298,4.31347,2.022089,4.504785,3.577661,3.651392,13.60163,99.5289,2.43676,13.77757,99.2236,1.85228,210107,105931,4.546,21.06,34.56,22.46,101.52,13.12,2.59,10.4,0.57,0.46,6.12,18.32,0.32,0.026,5.76,12.94,1.21
"2021-01-07 11:01:00",31,13.95,4.574,3.701959,3.934289,3.673151,3.646112,4.115869,4.273614,2.026666,4.708368,3.582452,3.650751,13.58617,99.4449,2.447617,13.73833,99.055,1.894356,210107,105931,4.546,21.06,34.56,22.46,101.52,13.12,2.59,10.4,0.57,0.46,6.12,18.32,0.32,0.026,5.76,12.94,1.21
"2021-01-07 11:02:00",32,13.95,4.609,3.701807,3.925683,3.673059,3.646539,4.118005,3.912836,2.017084,4.862909,3.585809,3.650262,13.56378,99.3804,2.484489,13.76838,99.294,1.902519,210107,110101,4.548,21.05,34.55,22.46,101.51,13.12,2.32,9.33,0.4,0.3,6.12,18.33,0.33,0.03,5.76,12.94,1.21
"2021-01-07 11:03:00",33,13.98,4.632,3.701471,3.942102,3.672906,3.646661,4.119623,3.947015,1.99505,5.018121,3.588342,3.650232,13.58514,99.4564,2.454681,13.76522,99.2678,1.901299,210107,110231,4.548,21.05,34.55,22.46,101.53,13.12,2.51,10.07,0.5,0.39,6.1,18.27,0.33,0.034,5.76,12.93,1.21
"2021-01-07 11:04:00",34,13.95,4.647,3.701288,3.948419,3.672693,3.646966,4.122217,4.076166,2.001489,5.23974,3.590631,3.649896,13.56207,99.4225,2.504814,13.74871,99.237,1.9338,210107,110231,4.548,21.05,34.55,22.46,101.53,13.12,2.51,10.07,0.5,0.39,6.1,18.27,0.33,0.034,5.76,12.93,1.21
"2021-01-07 11:05:00",35,13.95,4.685,3.700891,3.952295,3.672174,3.647668,4.124139,4.04574,2.030054,5.284601,3.593408,3.649927,13.52632,99.37,2.582954,13.71692,99.119,1.97493,210107,110401,4.545,21.06,34.56,22.46,101.52,13.12,2.64,10.59,0.57,0.47,6.1,18.27,0.34,0.038,5.76,12.93,1.21
"2021-01-07 11:06:00",36,13.97,4.725,3.701227,3.953302,3.671381,3.648401,4.126459,3.731348,2.012323,5.44491,3.595575,3.650201,13.51828,99.3631,2.602386,13.73442,99.2007,1.958458,210107,110531,4.539,21.06,34.57,22.47,101.59,13.13,2.45,9.82,0.53,0.43,6.12,18.32,0.34,0.041,5.76,12.93,1.21
"2021-01-07 11:07:00",37,13.95,4.735,3.701227,3.957605,3.670831,3.648889,4.128412,3.605554,1.965143,5.418695,3.597803,3.650445,13.50514,99.3067,2.617348,13.74026,99.1656,1.929962,210107,110531,4.539,21.06,34.57,22.47,101.59,13.13,2.45,9.82,0.53,0.43,6.12,18.32,0.34,0.041,5.76,12.93,1.21
"2021-01-07 11:08:00",38,13.94,4.718,3.701807,3.962976,3.670007,3.64953,4.130487,3.531366,1.997766,5.525568,3.599145,3.650568,13.48743,99.2731,2.653435,13.75021,99.2765,1.944389,210107,110701,4.533,21.05,34.56,22.46,101.51,13.12,2.97,11.96,0.7,0.6,6.12,18.32,0.35,0.045,5.76,12.94,1.21
"2021-01-07 11:09:00",39,13.97,4.684,3.701654,3.969812,3.669092,3.650201,4.13305,3.625329,2.007806,5.525751,3.601282,3.650751,13.4911,99.3715,2.680061,13.75434,99.2706,1.93119,210107,110831,4.523,21.05,34.57,22.47,101.54,13.13,2.69,10.8,0.59,0.48,6.14,18.38,0.35,0.049,5.76,12.94,1.2
"2021-01-07 11:10:00",40,13.95,4.671,3.70199,3.975763,3.668664,3.650049,4.134973,3.610834,1.946588,5.241449,3.603174,3.652399,13.48789,99.4155,2.705307,13.75496,99.2859,1.935188,210107,110831,4.523,21.05,34.57,22.47,101.54,13.13,2.69,10.8,0.59,0.48,6.14,18.38,0.35,0.049,5.76,12.94,1.2
"2021-01-07 11:11:00",41,13.94,4.672,3.702203,3.971857,3.668817,3.650049,4.135736,3.337549,2.019098,5.178552,3.605066,3.654291,13.47947,99.4316,2.734489,13.73029,99.2441,1.985519,210107,111001,4.518,21.04,34.56,22.46,101.51,13.13,2.19,8.78,0.42,0.31,6.12,18.34,0.36,0.054,5.76,12.93,1.21
"2021-01-07 11:12:00",42,13.98,4.666,3.702325,3.988824,3.667627,3.650171,4.136896,3.464868,2.113641,5.051874,3.606988,3.656244,13.46097,99.4256,2.783203,13.70489,99.1997,2.036865,210107,111131,4.515,21.04,34.56,22.46,101.52,13.13,2.42,9.71,0.49,0.39,6.11,18.29,0.37,0.059,5.76,12.94,1.2
"2021-01-07 11:13:00",43,13.95,4.67,3.702081,3.994958,3.667749,3.650293,4.13775,3.427576,2.136133,4.94433,3.609064,3.656854,13.46609,99.5349,2.809967,13.72044,99.3032,2.033577,210107,111131,4.515,21.04,34.56,22.46,101.52,13.13,2.42,9.71,0.49,0.39,6.11,18.29,0.37,0.059,5.76,12.94,1.2
"2021-01-07 11:14:00",44,13.94,4.676,3.701959,3.999658,3.666925,3.649805,4.140466,3.313074,2.252771,4.825372,3.611108,3.657983,13.48564,99.6565,2.801384,13.70741,99.2699,2.056107,210107,111301,4.522,21.03,34.55,22.46,101.52,13.13,2.38,9.55,0.43,0.33,6.11,18.29,0.37,0.064,5.76,12.94,1.21
"2021-01-07 11:15:00",45,13.98,4.681,3.701593,4.006433,3.666009,3.649103,4.14364,3.436151,2.34762,4.757165,3.612146,3.658929,13.46514,99.6624,2.860184,13.70559,99.3526,2.091469,210107,111431,4.52,21.04,34.56,22.46,101.48,13.12,2.21,8.85,0.48,0.38,6.11,18.3,0.38,0.068,5.76,12.94,1.21
"2021-01-07 11:16:00",46,13.94,4.701,3.70199,4.004999,3.665552,3.648523,4.146509,3.439844,2.663538,4.560846,3.613183,3.660821,13.45537,99.6763,2.892372,13.73007,99.4515,2.06253,210107,111431,4.52,21.04,34.56,22.46,101.48,13.12,2.21,8.85,0.48,0.38,6.11,18.3,0.38,0.068,5.76,12.94,1.21
"2021-01-07 11:17:00",47,13.94,4.734,3.701257,4.007989,3.664789,3.648065,4.149316,3.287927,2.66784,4.346521,3.613885,3.661829,13.42632,99.511,2.911026,13.76701,99.6517,2.037735,210107,111601,4.511,21.04,34.57,22.47,101.5,13.13,2.61,10.49,0.49,0.39,6.1,18.25,0.39,0.072,5.76,12.94,1.2
"2021-01-07 11:18:00",48,13.98,4.759,3.701654,4.024927,3.664239,3.648004,4.151575,3.425012,2.674554,4.236505,3.614496,3.662836,13.42456,99.5714,2.938576,13.7504,99.6017,2.06356,210107,111731,4.519,21.04,34.56,22.46,101.54,13.13,2.85,11.45,0.67,0.56,6.11,18.28,0.39,0.075,5.76,12.94,1.2
"2021-01-07 11:19:00",49,13.95,4.773,3.702051,4.037897,3.663873,3.647607,4.153528,3.504846,2.895074,4.186151,3.615198,3.663751,13.40998,99.5114,2.956558,13.74423,99.6238,2.088173,210107,111731,4.519,21.04,34.56,22.46,101.54,13.13,2.85,11.45,0.67,0.56,6.11,18.28,0.39,0.075,5.76,12.94,1.2
"2021-01-07 11:20:00",50,13.95,4.766,3.701776,4.048028,3.663049,3.647027,4.155572,3.72793,3.371576,4.147119,3.615442,3.664514,13.41364,99.5965,2.978271,13.7276,99.602,2.12455,210107,111901,4.509,21.03,34.56,22.46,101.55,13.13,2.52,10.14,0.56,0.45,6.11,18.29,0.4,0.078,5.76,12.94,1.2
"2021-01-07 11:21:00",51,13.99,4.754,3.702173,4.057275,3.663232,3.646753,4.157526,4.179803,5.159143,4.122186,3.616144,3.665735,13.42041,99.6728,2.988014,13.71799,99.5933,2.147064,210107,112031,4.507,21.03,34.56,22.46,101.48,13.13,2.1,8.4,0.44,0.34,6.12,18.33,0.4,0.082,5.77,12.94,1.21
"2021-01-07 11:22:00",52,13.95,4.752,3.702356,4.063837,3.662744,3.647211,4.16015,4.658624,7.750177,4.075433,3.61651,3.666925,13.40448,99.6617,3.028198,13.69799,99.5554,2.186691,210107,112031,4.507,21.03,34.56,22.46,101.48,13.13,2.1,8.4,0.44,0.34,6.12,18.33,0.4,0.082,5.77,12.94,1.21
