7450-055639
OS REV: 1.05 Sensor Cal: 1624981093
Time (sec),  BV (Volts),  T (deg C),  DO (mg/l),  Q ()
1672512600,+3.44, +3.702,+11.719,+0.964
1672513200,+3.44, +3.691,+11.713,+0.964
1672513800,+3.44, +3.681,+11.720,+0.964
1672514400,+3.44, +3.691,+11.767,+0.964
1672515000,+3.44, +3.712,+11.795,+0.964
1672515600,+3.44, +3.722,+11.826,+0.964
1672516200,+3.44, +3.732,+12.123,+0.965
1672516800,+3.44, +3.743,+12.184,+0.964
1672517400,+3.44, +3.753,+12.174,+0.964
1672518000,+3.44, +3.783,+12.145,+0.964
1672518600,+3.44, +3.763,+12.147,+0.964
1672519200,+3.44, +3.763,+12.097,+0.964
1672519800,+3.44, +3.783,+12.095,+0.964
1672520400,+3.44, +3.794,+12.091,+0.964
1672521000,+3.44, +3.773,+12.135,+0.964
1672521600,+3.44, +3.794,+12.182,+0.964
1672522200,+3.44, +3.845,+12.218,+0.964
1672522800,+3.44, +3.875,+12.248,+0.964
1672523400,+3.44, +3.855,+12.203,+0.964
1672524000,+3.44, +3.875,+12.213,+0.964
1672524600,+3.44, +3.896,+12.281,+0.964
1672525200,+3.44, +3.886,+12.357,+0.964
1672525800,+3.45, +3.896,+12.400,+0.964
1672526400,+3.44, +3.916,+12.407,+0.964
1672527000,+3.44, +3.886,+12.417,+0.964
1672527600,+3.44, +3.906,+12.380,+0.964
1672528200,+3.44, +3.875,+12.366,+0.964
1672528800,+3.45, +3.896,+12.301,+0.964
1672529400,+3.44, +3.896,+12.260,+0.964
1672530000,+3.45, +3.926,+12.247,+0.964
1672530600,+3.44, +3.886,+12.240,+0.964
1672531200,+3.45, +3.886,+12.345,+0.964
1672531800,+3.45, +3.896,+12.374,+0.964
1672532400,+3.44, +3.886,+12.399,+0.964
1672533000,+3.45, +3.906,+12.360,+0.964
1672533600,+3.45, +3.916,+12.275,+0.964
1672534200,+3.45, +3.906,+12.219,+0.964
1672534800,+3.44, +3.886,+12.162,+0.964
1672535400,+3.45, +3.926,+12.124,+0.964
1672536000,+3.45, +3.937,+12.167,+0.964
1672536600,+3.45, +3.937,+12.118,+0.964
1672537200,+3.45, +3.926,+12.122,+0.964
1672537800,+3.45, +3.937,+11.917,+0.964
1672538400,+3.45, +3.896,+11.941,+0.964
1672539000,+3.45, +3.916,+11.777,+0.964
1672539600,+3.45, +3.916,+11.951,+0.964
1672540200,+3.45, +3.916,+12.041,+0.964
1672540800,+3.45, +3.926,+11.795,+0.964
1672541400,+3.45, +3.896,+11.958,+0.964
1672542000,+3.44, +3.896,+12.031,+0.964
1672542600,+3.45, +3.906,+12.052,+0.964
1672543200,+3.45, +3.916,+12.053,+0.964
1672543800,+3.45, +3.906,+12.063,+0.964
1672544400,+3.45, +3.916,+12.106,+0.964
1672545000,+3.45, +3.937,+12.070,+0.964
1672545600,+3.45, +3.916,+12.131,+0.964
1672546200,+3.45, +3.947,+12.202,+0.964
1672546800,+3.45, +3.937,+12.186,+0.964
1672547400,+3.45, +3.916,+12.076,+0.964
1672548000,+3.45, +3.926,+12.055,+0.964
1672548600,+3.45, +3.926,+12.222,+0.964
1672549200,+3.45, +3.916,+12.366,+0.964
1672549800,+3.45, +3.926,+12.398,+0.964
1672550400,+3.45, +3.916,+12.403,+0.964
1672551000,+3.45, +3.916,+12.392,+0.964
1672551600,+3.45, +3.916,+12.363,+0.964
1672552200,+3.45, +3.926,+12.384,+0.964
1672552800,+3.45, +3.926,+12.383,+0.964
1672553400,+3.45, +3.906,+12.359,+0.964
1672554000,+3.45, +3.896,+12.382,+0.964
1672554600,+3.45, +3.916,+12.256,+0.964
1672555200,+3.45, +3.916,+12.252,+0.964
1672555800,+3.45, +3.896,+12.311,+0.964
1672556400,+3.45, +3.896,+12.315,+0.964
1672557000,+3.45, +3.896,+12.337,+0.965
1672557600,+3.45, +3.886,+12.300,+0.964
1672558200,+3.45, +3.916,+12.254,+0.964
1672558800,+3.45, +3.916,+12.210,+0.964
1672559400,+3.45, +3.916,+12.214,+0.964
1672560000,+3.45, +3.906,+12.246,+0.964
1672560600,+3.45, +3.916,+12.282,+0.964
1672561200,+3.45, +3.916,+12.278,+0.964
1672561800,+3.45, +3.937,+12.238,+0.964
1672562400,+3.45, +3.937,+12.197,+0.964
1672563000,+3.45, +3.906,+12.238,+0.964
1672563600,+3.45, +3.926,+12.256,+0.965
1672564200,+3.45, +3.906,+12.254,+0.964
1672564800,+3.45, +3.926,+12.254,+0.963
1672565400,+3.45, +3.865,+12.288,+0.964
1672566000,+3.45, +3.886,+12.231,+0.964
1672566600,+3.45, +3.886,+12.220,+0.964
1672567200,+3.45, +3.896,+12.249,+0.964
1672567800,+3.45, +3.886,+12.276,+0.964
1672568400,+3.45, +3.896,+12.309,+0.964
1672569000,+3.45, +3.896,+12.298,+0.964
1672569600,+3.45, +3.916,+12.220,+0.964
1672570200,+3.45, +3.937,+12.142,+0.964
1672570800,+3.45, +3.998,+11.992,+0.964
1672571400,+3.45, +3.967,+11.882,+0.964
1672572000,+3.45, +3.957,+11.758,+0.964
1672572600,+3.45, +3.967,+11.657,+0.964
1672573200,+3.45, +4.018,+11.624,+0.964
1672573800,+3.45, +4.018,+11.607,+0.964
1672574400,+3.45, +4.059,+11.558,+0.965
1672575000,+3.45, +4.049,+11.505,+0.964
1672575600,+3.45, +4.039,+11.488,+0.964
1672576200,+3.45, +4.059,+11.463,+0.965
1672576800,+3.45, +4.028,+11.507,+0.964
1672577400,+3.45, +4.049,+11.539,+0.964
1672578000,+3.45, +4.008,+11.560,+0.964
1672578600,+3.45, +4.018,+11.541,+0.964
1672579200,+3.45, +4.028,+11.518,+0.965
1672579800,+3.45, +4.008,+11.541,+0.965
1672580400,+3.45, +4.018,+11.578,+0.965
1672581000,+3.45, +4.018,+11.638,+0.964
1672581600,+3.45, +3.988,+11.675,+0.964
1672582200,+3.45, +4.018,+11.653,+0.964
1672582800,+3.45, +4.018,+11.730,+0.964
1672583400,+3.45, +4.018,+11.752,+0.964
1672584000,+3.45, +4.008,+11.724,+0.964
1672584600,+3.45, +3.998,+11.712,+0.964
1672585200,+3.45, +3.988,+11.727,+0.965
1672585800,+3.45, +4.018,+11.692,+0.965
1672586400,+3.45, +3.998,+11.686,+0.964
1672587000,+3.45, +4.028,+11.621,+0.965
1672587600,+3.45, +4.028,+11.597,+0.964
1672588200,+3.45, +4.018,+11.588,+0.965
1672588800,+3.45, +4.028,+11.556,+0.964
1672589400,+3.45, +4.039,+11.555,+0.965
1672590000,+3.45, +4.039,+11.545,+0.965
1672590600,+3.45, +4.039,+11.539,+0.964
1672591200,+3.45, +4.059,+11.414,+0.964
1672591800,+3.45, +4.089,+11.342,+0.964
1672592400,+3.45, +4.079,+11.169,+0.965
1672593000,+3.45, +4.049,+11.173,+0.964
1672593600,+3.45, +4.049,+11.300,+0.964
1672594200,+3.45, +4.028,+11.421,+0.965
1672594800,+3.45, +4.018,+11.450,+0.964
1672595400,+3.45, +4.018,+11.554,+0.965
1672596000,+3.45, +4.028,+11.755,+0.965
1672596600,+3.45, +4.039,+11.775,+0.964
1672597200,+3.45, +4.028,+11.578,+0.964
1672597800,+3.45, +4.069,+11.232,+0.964
1672598400,+3.45, +4.140, +9.041,+0.965
1672599000,+3.45, +3.947,+11.105,+0.964
