7450-055639
OS REV: 1.05 Sensor Cal: 1624981093
Time (sec),  BV (Volts),  T (deg C),  DO (mg/l),  Q ()
1671990600,+3.45, +3.062,+11.087,+0.963
1671991200,+3.45, +3.083,+11.058,+0.964
1671991800,+3.45, +3.093,+11.044,+0.964
1671992400,+3.44, +3.083,+11.059,+0.964
1671993000,+3.44, +3.083,+11.046,+0.963
1671993600,+3.45, +3.083,+11.068,+0.964
1671994200,+3.44, +3.083,+11.064,+0.964
1671994800,+3.44, +3.114,+11.035,+0.964
1671995400,+3.45, +3.114,+11.054,+0.964
1671996000,+3.44, +3.093,+11.051,+0.963
1671996600,+3.45, +3.093,+11.067,+0.963
1671997200,+3.45, +3.114,+11.061,+0.964
1671997800,+3.44, +3.114,+11.049,+0.963
1671998400,+3.45, +3.114,+11.043,+0.963
1671999000,+3.44, +3.093,+11.063,+0.963
1671999600,+3.45, +3.093,+11.083,+0.963
1672000200,+3.44, +3.114,+11.063,+0.963
1672000800,+3.44, +3.093,+11.070,+0.963
1672001400,+3.44, +3.073,+11.093,+0.964
1672002000,+3.45, +3.104,+11.071,+0.964
1672002600,+3.45, +3.083,+11.072,+0.964
1672003200,+3.45, +3.093,+11.057,+0.963
1672003800,+3.45, +3.114,+11.051,+0.963
1672004400,+3.44, +3.104,+11.054,+0.964
1672005000,+3.44, +3.104,+11.041,+0.963
1672005600,+3.44, +3.041,+11.072,+0.964
1672006200,+3.45, +3.052,+11.061,+0.964
1672006800,+3.44, +3.073,+11.047,+0.963
1672007400,+3.44, +3.114,+11.029,+0.963
1672008000,+3.44, +3.124,+11.010,+0.963
1672008600,+3.44, +3.124,+11.014,+0.964
1672009200,+3.44, +3.124,+11.015,+0.963
1672009800,+3.44, +3.104,+11.042,+0.964
1672010400,+3.44, +3.145,+10.990,+0.963
1672011000,+3.44, +3.176,+10.909,+0.964
1672011600,+3.44, +3.207,+10.912,+0.964
1672012200,+3.45, +3.135,+10.989,+0.963
1672012800,+3.45, +3.093,+11.016,+0.963
1672013400,+3.44, +3.093,+11.032,+0.963
1672014000,+3.45, +3.093,+11.023,+0.963
1672014600,+3.45, +3.093,+11.029,+0.964
1672015200,+3.45, +3.083,+11.035,+0.964
1672015800,+3.45, +3.083,+11.042,+0.964
1672016400,+3.44, +3.135,+11.018,+0.963
1672017000,+3.44, +3.145,+11.007,+0.964
1672017600,+3.44, +3.187,+10.927,+0.964
1672018200,+3.44, +3.238,+10.858,+0.964
1672018800,+3.44, +3.238,+10.837,+0.963
1672019400,+3.44, +3.218,+10.823,+0.963
1672020000,+3.44, +3.249,+10.812,+0.963
1672020600,+3.44, +3.249,+10.823,+0.964
1672021200,+3.44, +3.218,+10.826,+0.963
1672021800,+3.44, +3.259,+10.876,+0.964
1672022400,+3.44, +3.269,+10.893,+0.964
1672023000,+3.44, +3.269,+10.918,+0.964
1672023600,+3.44, +3.280,+10.933,+0.964
1672024200,+3.44, +3.311,+10.911,+0.964
1672024800,+3.44, +3.280,+10.933,+0.964
1672025400,+3.44, +3.290,+10.928,+0.964
1672026000,+3.44, +3.259,+10.927,+0.964
1672026600,+3.44, +3.259,+10.930,+0.964
1672027200,+3.44, +3.238,+10.963,+0.964
1672027800,+3.44, +3.228,+10.969,+0.963
1672028400,+3.44, +3.207,+10.993,+0.964
1672029000,+3.45, +3.166,+11.023,+0.963
1672029600,+3.44, +3.166,+11.021,+0.963
1672030200,+3.45, +3.145,+11.040,+0.964
1672030800,+3.44, +3.124,+11.048,+0.963
1672031400,+3.44, +3.124,+11.054,+0.964
1672032000,+3.45, +3.145,+11.045,+0.964
1672032600,+3.44, +3.145,+11.025,+0.964
1672033200,+3.44, +3.187,+10.978,+0.963
1672033800,+3.44, +3.259,+10.917,+0.964
1672034400,+3.44, +3.259,+10.914,+0.964
1672035000,+3.44, +3.280,+10.906,+0.964
1672035600,+3.44, +3.300,+10.894,+0.964
1672036200,+3.44, +3.290,+10.840,+0.964
1672036800,+3.44, +3.249,+10.839,+0.964
1672037400,+3.44, +3.187,+10.923,+0.963
1672038000,+3.44, +3.166,+10.989,+0.964
1672038600,+3.44, +3.145,+11.017,+0.964
1672039200,+3.44, +3.124,+11.054,+0.964
1672039800,+3.44, +3.124,+11.028,+0.963
1672040400,+3.44, +3.062,+11.018,+0.963
1672041000,+3.45, +3.041,+11.055,+0.963
1672041600,+3.45, +3.010,+11.095,+0.963
1672042200,+3.45, +3.041,+11.085,+0.963
1672042800,+3.45, +3.062,+11.083,+0.964
1672043400,+3.44, +3.093,+11.046,+0.963
1672044000,+3.45, +3.093,+11.043,+0.964
1672044600,+3.45, +3.124,+11.089,+0.964
1672045200,+3.44, +3.166,+11.072,+0.963
1672045800,+3.44, +3.187,+11.107,+0.963
1672046400,+3.44, +3.187,+11.108,+0.964
1672047000,+3.44, +3.207,+11.056,+0.964
1672047600,+3.44, +3.238,+11.018,+0.964
1672048200,+3.44, +3.218,+10.991,+0.964
1672048800,+3.44, +3.259,+10.944,+0.963
1672049400,+3.44, +3.259,+10.932,+0.963
1672050000,+3.44, +3.238,+10.969,+0.964
1672050600,+3.44, +3.218,+11.007,+0.964
1672051200,+3.44, +3.259,+10.976,+0.964
1672051800,+3.44, +3.228,+10.978,+0.964
1672052400,+3.44, +3.207,+10.998,+0.964
1672053000,+3.44, +3.187,+10.982,+0.964
1672053600,+3.44, +3.166,+10.952,+0.963
1672054200,+3.44, +3.166,+10.933,+0.964
1672054800,+3.44, +3.166,+10.918,+0.964
1672055400,+3.45, +3.156,+10.916,+0.964
1672056000,+3.44, +3.145,+10.930,+0.964
1672056600,+3.44, +3.124,+10.936,+0.964
1672057200,+3.44, +3.145,+10.909,+0.964
1672057800,+3.45, +3.135,+10.909,+0.964
1672058400,+3.44, +3.156,+10.891,+0.964
1672059000,+3.44, +3.166,+10.887,+0.964
1672059600,+3.44, +3.176,+10.878,+0.964
1672060200,+3.44, +3.176,+10.860,+0.963
1672060800,+3.44, +3.207,+10.843,+0.964
1672061400,+3.44, +3.207,+10.851,+0.963
1672062000,+3.44, +3.207,+10.867,+0.964
1672062600,+3.44, +3.176,+10.911,+0.964
1672063200,+3.44, +3.218,+10.920,+0.964
1672063800,+3.44, +3.207,+10.905,+0.963
1672064400,+3.44, +3.187,+10.902,+0.963
1672065000,+3.44, +3.197,+10.892,+0.963
1672065600,+3.44, +3.197,+10.880,+0.964
1672066200,+3.44, +3.197,+10.880,+0.963
1672066800,+3.44, +3.207,+10.871,+0.963
1672067400,+3.44, +3.197,+10.875,+0.963
1672068000,+3.44, +3.187,+10.887,+0.964
1672068600,+3.44, +3.207,+10.865,+0.963
1672069200,+3.44, +3.218,+10.856,+0.964
1672069800,+3.44, +3.197,+10.862,+0.964
1672070400,+3.44, +3.207,+10.849,+0.964
1672071000,+3.44, +3.176,+10.845,+0.963
1672071600,+3.44, +3.166,+10.864,+0.964
1672072200,+3.44, +3.176,+10.855,+0.964
1672072800,+3.44, +3.176,+10.860,+0.964
1672073400,+3.44, +3.197,+10.873,+0.964
1672074000,+3.44, +3.176,+10.888,+0.963
1672074600,+3.44, +3.197,+10.882,+0.964
1672075200,+3.44, +3.207,+10.856,+0.964
1672075800,+3.44, +3.228,+10.845,+0.964
1672076400,+3.44, +3.238,+10.840,+0.964
1672077000,+3.44, +3.269,+10.801,+0.964
