7450-055639
OS REV: 1.05 Sensor Cal: 1624981093
Time (sec),  BV (Volts),  T (deg C),  DO (mg/l),  Q ()
1677732600,+3.47, +6.985, +7.157,+0.968
1677733200,+3.47, +6.957, +7.315,+0.968
1677733800,+3.47, +6.957, +7.374,+0.968
1677734400,+3.47, +6.937, +7.272,+0.968
1677735000,+3.47, +6.957, +7.138,+0.969
1677735600,+3.47, +6.937, +7.198,+0.968
1677736200,+3.47, +6.947, +7.212,+0.968
1677736800,+3.47, +6.947, +7.066,+0.968
1677737400,+3.47, +6.918, +6.765,+0.969
1677738000,+3.47, +6.841, +6.424,+0.969
1677738600,+3.47, +6.812, +6.623,+0.969
1677739200,+3.47, +6.793, +6.543,+0.969
1677739800,+3.47, +6.764, +6.479,+0.969
1677740400,+3.47, +6.773, +6.530,+0.969
1677741000,+3.47, +6.764, +6.671,+0.969
1677741600,+3.47, +6.764, +6.853,+0.968
1677742200,+3.47, +6.783, +6.783,+0.968
1677742800,+3.47, +6.831, +6.719,+0.968
1677743400,+3.47, +6.851, +6.808,+0.969
1677744000,+3.47, +6.889, +6.803,+0.969
1677744600,+3.47, +6.957, +7.017,+0.968
1677745200,+3.47, +6.918, +6.807,+0.969
1677745800,+3.47, +6.822, +6.737,+0.969
1677746400,+3.47, +6.793, +6.866,+0.968
1677747000,+3.47, +6.764, +7.023,+0.968
1677747600,+3.47, +6.764, +7.083,+0.968
1677748200,+3.47, +6.783, +7.061,+0.969
1677748800,+3.47, +6.764, +7.002,+0.968
1677749400,+3.47, +6.725, +6.904,+0.968
1677750000,+3.47, +6.696, +6.900,+0.969
1677750600,+3.47, +6.677, +6.997,+0.968
1677751200,+3.47, +6.638, +7.240,+0.969
1677751800,+3.47, +6.657, +7.343,+0.968
1677752400,+3.47, +6.686, +7.207,+0.968
1677753000,+3.47, +6.744, +7.268,+0.968
1677753600,+3.47, +6.812, +7.637,+0.968
1677754200,+3.47, +6.812, +7.556,+0.968
1677754800,+3.47, +6.764, +7.191,+0.968
1677755400,+3.47, +6.754, +7.060,+0.969
1677756000,+3.47, +6.764, +7.008,+0.968
1677756600,+3.47, +6.773, +6.910,+0.968
1677757200,+3.47, +6.754, +6.952,+0.968
1677757800,+3.47, +6.735, +7.009,+0.968
1677758400,+3.47, +6.725, +6.897,+0.968
1677759000,+3.47, +6.725, +6.987,+0.968
1677759600,+3.47, +6.715, +7.015,+0.968
1677760200,+3.47, +6.696, +7.024,+0.968
1677760800,+3.47, +6.706, +7.092,+0.968
1677761400,+3.47, +6.715, +7.159,+0.968
1677762000,+3.47, +6.735, +7.147,+0.968
1677762600,+3.47, +6.715, +7.051,+0.968
1677763200,+3.47, +6.725, +7.156,+0.968
1677763800,+3.47, +6.735, +7.236,+0.968
1677764400,+3.47, +6.773, +7.235,+0.968
1677765000,+3.47, +6.773, +7.263,+0.968
1677765600,+3.47, +6.802, +7.250,+0.968
1677766200,+3.47, +6.783, +7.218,+0.968
1677766800,+3.47, +6.822, +7.197,+0.968
1677767400,+3.47, +6.860, +7.134,+0.968
1677768000,+3.47, +6.870, +7.041,+0.968
1677768600,+3.47, +6.841, +6.943,+0.968
1677769200,+3.47, +6.822, +6.790,+0.968
1677769800,+3.47, +6.870, +6.819,+0.968
1677770400,+3.47, +6.860, +6.678,+0.968
1677771000,+3.47, +6.889, +6.937,+0.968
1677771600,+3.47, +6.889, +6.834,+0.969
1677772200,+3.47, +6.860, +6.528,+0.969
1677772800,+3.47, +6.899, +6.605,+0.969
1677773400,+3.47, +6.976, +7.434,+0.968
1677774000,+3.47, +6.976, +7.483,+0.968
1677774600,+3.47, +6.957, +7.090,+0.968
1677775200,+3.47, +6.947, +6.869,+0.968
1677775800,+3.47, +6.957, +6.838,+0.969
1677776400,+3.47, +6.947, +6.631,+0.968
1677777000,+3.47, +6.937, +6.563,+0.969
1677777600,+3.47, +6.918, +6.500,+0.969
1677778200,+3.47, +6.879, +7.047,+0.969
1677778800,+3.47, +6.908, +7.230,+0.968
1677779400,+3.47, +6.918, +7.281,+0.968
1677780000,+3.47, +6.860, +7.155,+0.969
1677780600,+3.47, +6.879, +7.243,+0.968
1677781200,+3.47, +6.793, +6.898,+0.968
1677781800,+3.47, +6.735, +6.769,+0.969
1677782400,+3.47, +6.744, +6.825,+0.968
1677783000,+3.47, +6.715, +7.061,+0.969
1677783600,+3.47, +6.715, +7.077,+0.968
1677784200,+3.47, +6.696, +7.014,+0.969
1677784800,+3.47, +6.715, +7.021,+0.968
1677785400,+3.47, +6.744, +7.142,+0.968
1677786000,+3.47, +6.744, +7.098,+0.968
1677786600,+3.47, +6.735, +7.052,+0.968
1677787200,+3.47, +6.851, +7.304,+0.968
1677787800,+3.47, +6.957, +7.666,+0.968
1677788400,+3.47, +7.005, +7.761,+0.968
1677789000,+3.47, +6.985, +7.821,+0.968
1677789600,+3.47, +6.995, +7.690,+0.968
1677790200,+3.47, +6.947, +7.448,+0.968
1677790800,+3.47, +6.966, +7.485,+0.968
1677791400,+3.47, +6.928, +7.376,+0.968
1677792000,+3.47, +6.995, +7.633,+0.968
1677792600,+3.47, +7.053, +8.111,+0.968
1677793200,+3.47, +7.082, +8.251,+0.968
1677793800,+3.47, +7.139, +8.374,+0.968
1677794400,+3.46, +7.206, +8.409,+0.968
1677795000,+3.46, +7.235, +8.452,+0.968
1677795600,+3.46, +7.235, +8.434,+0.967
1677796200,+3.46, +7.254, +8.400,+0.968
1677796800,+3.46, +7.331, +8.497,+0.967
1677797400,+3.46, +7.292, +8.310,+0.967
1677798000,+3.46, +7.302, +8.306,+0.968
1677798600,+3.46, +7.312, +8.292,+0.967
1677799200,+3.46, +7.321, +8.269,+0.967
1677799800,+3.46, +7.321, +8.074,+0.967
1677800400,+3.46, +7.340, +8.338,+0.967
1677801000,+3.46, +7.388, +8.337,+0.968
1677801600,+3.47, +7.235, +7.937,+0.968
1677802200,+3.47, +7.101, +7.599,+0.968
1677802800,+3.47, +7.024, +7.286,+0.968
1677803400,+3.47, +7.005, +7.077,+0.968
1677804000,+3.47, +6.928, +7.024,+0.968
1677804600,+3.47, +6.822, +7.060,+0.968
1677805200,+3.47, +6.793, +6.972,+0.968
1677805800,+3.47, +6.744, +7.030,+0.968
1677806400,+3.47, +6.754, +7.106,+0.968
1677807000,+3.47, +6.783, +7.279,+0.968
1677807600,+3.47, +6.822, +7.226,+0.968
1677808200,+3.47, +6.851, +7.160,+0.969
1677808800,+3.47, +6.851, +7.068,+0.968
1677809400,+3.47, +6.851, +7.053,+0.968
1677810000,+3.47, +6.793, +6.906,+0.969
1677810600,+3.47, +6.773, +6.801,+0.969
1677811200,+3.47, +6.744, +6.706,+0.969
1677811800,+3.47, +6.725, +6.704,+0.969
1677812400,+3.47, +6.686, +6.722,+0.969
1677813000,+3.47, +6.667, +6.824,+0.969
1677813600,+3.47, +6.657, +6.852,+0.968
1677814200,+3.47, +6.686, +6.729,+0.968
1677814800,+3.47, +6.696, +6.615,+0.969
1677815400,+3.47, +6.667, +6.720,+0.969
1677816000,+3.47, +6.667, +6.863,+0.969
1677816600,+3.47, +6.677, +6.895,+0.969
1677817200,+3.47, +6.696, +6.763,+0.968
1677817800,+3.47, +6.696, +6.985,+0.969
1677818400,+3.47, +6.706, +7.024,+0.968
1677819000,+3.47, +6.715, +6.957,+0.968
