7450-055639
OS REV: 1.05 Sensor Cal: 1624981093
Time (sec),  BV (Volts),  T (deg C),  DO (mg/l),  Q ()
1676079600,+3.45, +6.044,+11.723,+0.967
1676080200,+3.45, +6.015,+11.634,+0.966
1676080800,+3.45, +6.152,+11.744,+0.967
1676081400,+3.45, +6.201,+11.742,+0.966
1676082000,+3.45, +6.210,+11.772,+0.966
1676082600,+3.46, +5.760,+11.402,+0.966
1676083200,+3.45, +5.156,+11.172,+0.966
1676083800,+3.46, +5.196,+11.196,+0.966
1676084400,+3.45, +5.156,+11.164,+0.966
1676085000,+3.45, +5.927,+11.669,+0.967
1676085600,+3.46, +5.769,+11.490,+0.966
1676086200,+3.46, +5.848,+11.620,+0.967
1676086800,+3.45, +6.113,+11.747,+0.966
1676087400,+3.45, +6.113,+11.751,+0.966
1676088000,+3.45, +6.093,+11.747,+0.966
1676088600,+3.45, +6.093,+11.743,+0.966
1676089200,+3.45, +6.064,+11.730,+0.966
1676089800,+3.45, +6.054,+11.711,+0.966
1676090400,+3.46, +6.044,+11.735,+0.966
1676091000,+3.45, +6.044,+11.715,+0.966
1676091600,+3.46, +6.064,+11.704,+0.966
1676092200,+3.46, +6.064,+11.717,+0.966
1676092800,+3.45, +6.083,+11.719,+0.967
1676093400,+3.45, +6.064,+11.711,+0.966
1676094000,+3.45, +6.083,+11.691,+0.966
1676094600,+3.46, +6.044,+11.713,+0.966
1676095200,+3.46, +6.034,+11.689,+0.966
1676095800,+3.46, +5.956,+11.579,+0.966
1676096400,+3.46, +5.858,+11.581,+0.966
1676097000,+3.46, +5.838,+11.581,+0.967
1676097600,+3.46, +5.819,+11.586,+0.966
1676098200,+3.46, +5.799,+11.606,+0.966
1676098800,+3.46, +5.858,+11.602,+0.966
1676099400,+3.46, +5.868,+11.592,+0.966
1676100000,+3.46, +5.858,+11.634,+0.966
1676100600,+3.46, +5.887,+11.629,+0.966
1676101200,+3.46, +5.887,+11.621,+0.966
1676101800,+3.46, +5.907,+11.624,+0.966
1676102400,+3.46, +5.946,+11.650,+0.967
1676103000,+3.46, +5.946,+11.612,+0.966
1676103600,+3.46, +5.956,+11.599,+0.966
1676104200,+3.46, +5.917,+11.603,+0.966
1676104800,+3.46, +5.917,+11.596,+0.966
1676105400,+3.46, +5.956,+11.593,+0.966
1676106000,+3.46, +5.995,+11.624,+0.966
1676106600,+3.46, +6.025,+11.660,+0.967
1676107200,+3.46, +6.025,+11.626,+0.966
1676107800,+3.46, +5.976,+11.662,+0.966
1676108400,+3.46, +5.985,+11.664,+0.966
1676109000,+3.46, +5.985,+11.636,+0.966
1676109600,+3.46, +5.995,+11.602,+0.966
1676110200,+3.46, +6.025,+11.625,+0.966
1676110800,+3.46, +5.985,+11.564,+0.966
1676111400,+3.46, +5.946,+11.566,+0.966
1676112000,+3.46, +6.034,+11.633,+0.967
1676112600,+3.46, +6.054,+11.632,+0.966
1676113200,+3.46, +6.054,+11.619,+0.966
1676113800,+3.46, +5.985,+11.551,+0.966
1676114400,+3.46, +6.005,+11.632,+0.966
1676115000,+3.46, +5.976,+11.625,+0.966
1676115600,+3.46, +5.907,+11.647,+0.966
1676116200,+3.46, +5.917,+11.635,+0.966
1676116800,+3.46, +5.878,+11.652,+0.966
1676117400,+3.46, +5.868,+11.658,+0.967
1676118000,+3.46, +5.848,+11.649,+0.966
1676118600,+3.46, +5.858,+11.633,+0.966
1676119200,+3.46, +5.809,+11.619,+0.966
1676119800,+3.46, +5.809,+11.594,+0.966
1676120400,+3.46, +5.838,+11.605,+0.966
1676121000,+3.46, +5.828,+11.621,+0.966
1676121600,+3.46, +5.769,+11.605,+0.966
1676122200,+3.46, +5.760,+11.590,+0.966
1676122800,+3.46, +5.769,+11.627,+0.966
1676123400,+3.46, +5.789,+11.621,+0.966
1676124000,+3.46, +5.779,+11.642,+0.966
1676124600,+3.46, +5.809,+11.627,+0.966
1676125200,+3.46, +5.819,+11.619,+0.966
1676125800,+3.46, +5.799,+11.622,+0.966
1676126400,+3.46, +5.760,+11.567,+0.966
1676127000,+3.46, +5.730,+11.572,+0.967
1676127600,+3.46, +5.730,+11.568,+0.966
1676128200,+3.46, +5.710,+11.571,+0.966
1676128800,+3.46, +5.730,+11.573,+0.966
1676129400,+3.46, +5.730,+11.580,+0.966
1676130000,+3.46, +5.700,+11.561,+0.966
1676130600,+3.46, +5.700,+11.546,+0.966
1676131200,+3.46, +5.700,+11.542,+0.966
1676131800,+3.46, +5.691,+11.549,+0.966
1676132400,+3.46, +5.691,+11.542,+0.966
1676133000,+3.46, +5.700,+11.544,+0.966
1676133600,+3.46, +5.691,+11.557,+0.966
1676134200,+3.46, +5.720,+11.557,+0.966
1676134800,+3.46, +5.700,+11.559,+0.966
1676135400,+3.46, +5.710,+11.569,+0.966
1676136000,+3.46, +5.710,+11.570,+0.966
1676136600,+3.46, +5.730,+11.566,+0.966
1676137200,+3.46, +5.730,+11.578,+0.966
1676137800,+3.46, +5.730,+11.559,+0.966
1676138400,+3.46, +5.730,+11.569,+0.966
1676139000,+3.46, +5.750,+11.552,+0.966
1676139600,+3.46, +5.740,+11.560,+0.966
1676140200,+3.46, +5.740,+11.529,+0.966
1676140800,+3.46, +5.769,+11.521,+0.966
1676141400,+3.46, +5.740,+11.557,+0.967
1676142000,+3.46, +5.750,+11.547,+0.966
1676142600,+3.46, +5.760,+11.536,+0.966
1676143200,+3.46, +5.750,+11.470,+0.966
1676143800,+3.46, +5.809,+11.452,+0.966
1676144400,+3.46, +5.868,+11.461,+0.966
1676145000,+3.46, +5.838,+11.422,+0.965
1676145600,+3.46, +5.760,+11.521,+0.966
1676146200,+3.46, +5.779,+11.477,+0.966
1676146800,+3.46, +5.750,+11.483,+0.966
1676147400,+3.46, +5.750,+11.497,+0.967
1676148000,+3.46, +5.740,+11.524,+0.966
1676148600,+3.46, +5.760,+11.495,+0.967
1676149200,+3.46, +5.750,+11.412,+0.966
1676149800,+3.46, +5.720,+11.406,+0.966
1676150400,+3.46, +5.740,+11.403,+0.966
1676151000,+3.46, +5.740,+11.411,+0.966
1676151600,+3.46, +5.750,+11.378,+0.966
1676152200,+3.46, +5.740,+11.359,+0.966
1676152800,+3.46, +5.760,+11.320,+0.966
1676153400,+3.46, +5.750,+11.316,+0.966
1676154000,+3.46, +5.789,+11.352,+0.966
1676154600,+3.46, +5.769,+11.377,+0.966
1676155200,+3.46, +5.789,+11.395,+0.966
1676155800,+3.46, +5.809,+11.345,+0.966
1676156400,+3.46, +5.799,+11.003,+0.966
1676157000,+3.46, +5.779,+11.325,+0.966
1676157600,+3.46, +5.789,+11.387,+0.966
1676158200,+3.46, +5.789,+11.404,+0.967
1676158800,+3.46, +5.809,+11.397,+0.966
1676159400,+3.46, +5.769,+11.419,+0.966
1676160000,+3.46, +5.799,+11.424,+0.966
1676160600,+3.46, +5.809,+11.462,+0.966
1676161200,+3.46, +5.819,+11.453,+0.966
1676161800,+3.46, +5.809,+11.455,+0.966
1676162400,+3.46, +5.809,+11.432,+0.966
1676163000,+3.46, +5.819,+11.407,+0.966
1676163600,+3.46, +5.809,+11.401,+0.966
1676164200,+3.46, +5.828,+11.398,+0.966
1676164800,+3.46, +5.809,+11.384,+0.966
1676165400,+3.46, +5.819,+11.402,+0.966
1676166000,+3.46, +5.819,+11.407,+0.967
