7450-055639
OS REV: 1.05 Sensor Cal: 1624981093
Time (sec),  BV (Volts),  T (deg C),  DO (mg/l),  Q ()
1679820600,+3.47, +7.273,+10.960,+0.966
1679821200,+3.46, +7.283,+11.073,+0.966
1679821800,+3.47, +7.273,+11.127,+0.966
1679822400,+3.47, +7.283,+11.199,+0.966
1679823000,+3.47, +7.264,+11.041,+0.966
1679823600,+3.47, +7.283,+10.984,+0.966
1679824200,+3.47, +7.292,+10.892,+0.966
1679824800,+3.47, +7.292,+10.819,+0.966
1679825400,+3.47, +7.302,+10.891,+0.966
1679826000,+3.47, +7.273,+11.088,+0.966
1679826600,+3.47, +7.302,+11.249,+0.966
1679827200,+3.47, +7.302,+11.059,+0.966
1679827800,+3.47, +7.283,+10.856,+0.966
1679828400,+3.47, +7.264,+10.681,+0.966
1679829000,+3.47, +7.283,+10.530,+0.966
1679829600,+3.47, +7.283,+10.575,+0.966
1679830200,+3.47, +7.273,+10.627,+0.966
1679830800,+3.47, +7.283,+10.684,+0.966
1679831400,+3.47, +7.302,+10.699,+0.966
1679832000,+3.47, +7.292,+10.652,+0.966
1679832600,+3.47, +7.292,+10.755,+0.967
1679833200,+3.47, +7.292,+10.957,+0.966
1679833800,+3.47, +7.302,+11.114,+0.966
1679834400,+3.47, +7.283,+11.312,+0.966
1679835000,+3.47, +7.292,+11.309,+0.966
1679835600,+3.47, +7.283,+11.182,+0.966
1679836200,+3.47, +7.264,+11.159,+0.966
1679836800,+3.47, +7.254,+11.131,+0.966
1679837400,+3.47, +7.273,+11.194,+0.966
1679838000,+3.47, +7.264,+11.138,+0.966
1679838600,+3.47, +7.292,+11.161,+0.966
1679839200,+3.47, +7.273,+11.093,+0.966
1679839800,+3.47, +7.312,+10.988,+0.966
1679840400,+3.47, +7.292,+10.971,+0.966
1679841000,+3.47, +7.302,+11.326,+0.967
1679841600,+3.47, +7.321,+11.333,+0.966
1679842200,+3.47, +7.312,+11.277,+0.966
1679842800,+3.47, +7.312,+11.171,+0.966
1679843400,+3.47, +7.312,+11.202,+0.966
1679844000,+3.47, +7.321,+11.157,+0.966
1679844600,+3.47, +7.312,+11.165,+0.966
1679845200,+3.47, +7.321,+11.291,+0.966
1679845800,+3.47, +7.302,+11.380,+0.966
1679846400,+3.47, +7.331,+11.332,+0.967
1679847000,+3.47, +7.312,+11.298,+0.966
1679847600,+3.47, +7.312,+11.150,+0.966
1679848200,+3.47, +7.321,+11.028,+0.966
1679848800,+3.47, +7.321,+11.363,+0.966
1679849400,+3.47, +7.331,+11.305,+0.966
1679850000,+3.47, +7.312,+11.265,+0.967
1679850600,+3.47, +7.331,+11.168,+0.966
1679851200,+3.47, +7.331,+11.130,+0.966
1679851800,+3.47, +7.331,+11.058,+0.966
1679852400,+3.47, +7.340,+10.902,+0.966
1679853000,+3.47, +7.302,+10.812,+0.967
1679853600,+3.47, +7.321,+10.817,+0.967
1679854200,+3.47, +7.340,+10.796,+0.966
1679854800,+3.47, +7.350,+10.778,+0.966
1679855400,+3.47, +7.359,+10.745,+0.966
1679856000,+3.47, +7.378,+10.924,+0.966
1679856600,+3.47, +7.359,+10.875,+0.966
1679857200,+3.47, +7.388,+10.812,+0.966
1679857800,+3.47, +7.388,+11.005,+0.966
1679858400,+3.47, +7.407,+10.975,+0.966
1679859000,+3.47, +7.407,+10.934,+0.966
1679859600,+3.47, +7.407,+10.929,+0.966
1679860200,+3.47, +7.388,+10.938,+0.966
1679860800,+3.47, +7.417,+10.919,+0.966
1679861400,+3.47, +7.369,+10.766,+0.966
1679862000,+3.47, +7.359,+10.851,+0.966
1679862600,+3.47, +7.378,+10.891,+0.966
1679863200,+3.47, +7.359,+10.978,+0.966
1679863800,+3.47, +7.350,+11.091,+0.966
1679864400,+3.47, +7.340,+11.043,+0.966
1679865000,+3.47, +7.340,+11.067,+0.966
1679865600,+3.47, +7.331,+10.986,+0.966
1679866200,+3.47, +7.312,+11.196,+0.966
1679866800,+3.47, +7.350,+11.123,+0.966
1679867400,+3.47, +7.350,+11.260,+0.966
1679868000,+3.47, +7.359,+11.426,+0.966
1679868600,+3.47, +7.359,+11.348,+0.966
1679869200,+3.47, +7.350,+11.261,+0.966
1679869800,+3.47, +7.359,+11.350,+0.966
1679870400,+3.47, +7.359,+11.209,+0.966
1679871000,+3.47, +7.340,+11.145,+0.966
1679871600,+3.47, +7.369,+11.123,+0.966
1679872200,+3.47, +7.359,+11.165,+0.966
1679872800,+3.47, +7.378,+11.022,+0.966
1679873400,+3.47, +7.369,+10.960,+0.966
1679874000,+3.47, +7.378,+10.907,+0.966
1679874600,+3.47, +7.378,+10.786,+0.966
1679875200,+3.47, +7.369,+10.726,+0.965
1679875800,+3.47, +7.378,+10.992,+0.966
1679876400,+3.47, +7.388,+11.251,+0.966
1679877000,+3.47, +7.369,+11.170,+0.966
1679877600,+3.47, +7.369,+11.130,+0.966
1679878200,+3.47, +7.369,+11.166,+0.966
1679878800,+3.47, +7.369,+11.198,+0.966
1679879400,+3.47, +7.369,+11.115,+0.967
1679880000,+3.47, +7.350,+10.848,+0.966
1679880600,+3.47, +7.369,+10.782,+0.966
1679881200,+3.47, +7.359,+10.776,+0.966
1679881800,+3.47, +7.359,+10.755,+0.966
1679882400,+3.47, +7.359,+10.724,+0.966
1679883000,+3.47, +7.369,+10.681,+0.966
1679883600,+3.47, +7.340,+10.729,+0.966
1679884200,+3.47, +7.369,+10.760,+0.966
1679884800,+3.47, +7.350,+10.818,+0.966
1679885400,+3.47, +7.369,+10.832,+0.966
1679886000,+3.47, +7.378,+10.838,+0.966
1679886600,+3.47, +7.350,+10.774,+0.966
1679887200,+3.47, +7.340,+10.800,+0.966
1679887800,+3.47, +7.378,+10.844,+0.966
1679888400,+3.47, +7.350,+11.140,+0.966
1679889000,+3.47, +7.359,+11.061,+0.966
1679889600,+3.47, +7.369,+10.964,+0.966
1679890200,+3.47, +7.350,+10.927,+0.966
1679890800,+3.47, +7.378,+10.993,+0.966
1679891400,+3.47, +7.378,+10.872,+0.966
1679892000,+3.47, +7.369,+11.054,+0.966
1679892600,+3.47, +7.398,+10.999,+0.967
1679893200,+3.47, +7.378,+10.889,+0.966
1679893800,+3.47, +7.398,+10.856,+0.966
1679894400,+3.47, +7.378,+10.791,+0.966
1679895000,+3.47, +7.388,+10.758,+0.965
1679895600,+3.47, +7.388,+10.575,+0.966
1679896200,+3.47, +7.388,+10.523,+0.966
1679896800,+3.47, +7.398,+10.382,+0.966
1679897400,+3.47, +7.388,+10.326,+0.966
1679898000,+3.47, +7.378,+10.349,+0.967
1679898600,+3.47, +7.398,+10.389,+0.966
1679899200,+3.47, +7.398,+10.384,+0.966
1679899800,+3.47, +7.398,+10.503,+0.966
1679900400,+3.47, +7.407,+10.461,+0.966
1679901000,+3.47, +7.388,+10.297,+0.966
1679901600,+3.47, +7.398,+10.303,+0.966
1679902200,+3.47, +7.398,+10.348,+0.967
1679902800,+3.47, +7.388,+10.168,+0.966
1679903400,+3.47, +7.369,+10.029,+0.966
1679904000,+3.47, +7.417, +9.807,+0.966
1679904600,+3.47, +7.378, +9.749,+0.967
1679905200,+3.47, +7.388, +9.543,+0.966
1679905800,+3.47, +7.407, +9.530,+0.966
1679906400,+3.47, +7.407, +9.445,+0.967
1679907000,+3.47, +7.378, +9.369,+0.967
