7450-055639
OS REV: 1.05 Sensor Cal: 1624981093
Time (sec),  BV (Volts),  T (deg C),  DO (mg/l),  Q ()
1678515600,+3.47, +8.542,+10.277,+0.967
1678516200,+3.47, +8.560,+10.175,+0.967
1678516800,+3.47, +8.570,+10.231,+0.967
1678517400,+3.47, +8.551,+10.120,+0.967
1678518000,+3.47, +8.542,+10.312,+0.967
1678518600,+3.47, +8.551,+10.329,+0.967
1678519200,+3.47, +8.570,+10.368,+0.967
1678519800,+3.47, +8.551,+10.288,+0.967
1678520400,+3.47, +8.551,+10.284,+0.967
1678521000,+3.47, +8.560,+10.267,+0.967
1678521600,+3.47, +8.542,+10.196,+0.967
1678522200,+3.47, +8.560,+10.192,+0.967
1678522800,+3.47, +8.560,+10.166,+0.967
1678523400,+3.47, +8.588,+10.145,+0.967
1678524000,+3.47, +8.607,+10.205,+0.967
1678524600,+3.47, +8.607,+10.268,+0.967
1678525200,+3.47, +8.598,+10.161,+0.967
1678525800,+3.47, +8.626,+10.175,+0.967
1678526400,+3.47, +8.598,+10.242,+0.967
1678527000,+3.47, +8.551,+10.125,+0.967
1678527600,+3.47, +8.532,+10.110,+0.967
1678528200,+3.47, +8.523,+10.191,+0.967
1678528800,+3.47, +8.542,+10.220,+0.967
1678529400,+3.47, +8.551,+10.304,+0.967
1678530000,+3.47, +8.691,+10.493,+0.967
1678530600,+3.47, +8.803,+10.872,+0.967
1678531200,+3.47, +8.878,+10.871,+0.967
1678531800,+3.47, +8.570,+10.087,+0.967
1678532400,+3.47, +8.523,+10.035,+0.967
1678533000,+3.47, +8.542,+10.144,+0.967
1678533600,+3.47, +8.551,+10.225,+0.967
1678534200,+3.47, +8.579,+10.247,+0.967
1678534800,+3.47, +8.579,+10.263,+0.967
1678535400,+3.47, +8.617,+10.319,+0.966
1678536000,+3.47, +8.682,+10.403,+0.967
1678536600,+3.47, +8.738,+10.753,+0.966
1678537200,+3.47, +8.719,+10.764,+0.967
1678537800,+3.47, +8.701,+10.774,+0.967
1678538400,+3.47, +8.691,+10.808,+0.967
1678539000,+3.47, +8.766,+10.813,+0.967
1678539600,+3.47, +8.766,+10.808,+0.967
1678540200,+3.47, +8.766,+10.789,+0.966
1678540800,+3.47, +8.766,+10.739,+0.967
1678541400,+3.47, +8.775,+10.745,+0.967
1678542000,+3.47, +8.682,+10.584,+0.967
1678542600,+3.47, +8.626,+10.441,+0.967
1678543200,+3.47, +8.626,+10.687,+0.967
1678543800,+3.47, +8.617,+10.747,+0.966
1678544400,+3.47, +8.645,+10.835,+0.966
1678545000,+3.47, +8.645,+10.743,+0.967
1678545600,+3.47, +8.673,+10.845,+0.967
1678546200,+3.47, +8.710,+10.801,+0.967
1678546800,+3.47, +8.710,+10.848,+0.967
1678547400,+3.47, +8.738,+10.761,+0.966
1678548000,+3.47, +8.747,+10.722,+0.967
1678548600,+3.47, +8.654,+10.494,+0.967
1678549200,+3.47, +8.626,+10.314,+0.967
1678549800,+3.47, +8.617,+10.461,+0.967
1678550400,+3.47, +8.607,+10.425,+0.967
1678551000,+3.47, +8.607,+10.570,+0.967
1678551600,+3.47, +8.598,+10.584,+0.967
1678552200,+3.47, +8.617,+10.545,+0.966
1678552800,+3.47, +8.607,+10.593,+0.967
1678553400,+3.47, +8.598,+10.584,+0.966
1678554000,+3.47, +8.617,+10.613,+0.967
1678554600,+3.47, +8.626,+10.638,+0.967
1678555200,+3.47, +8.626,+10.579,+0.967
1678555800,+3.47, +8.607,+10.583,+0.967
1678556400,+3.47, +8.617,+10.511,+0.967
1678557000,+3.47, +8.626,+10.533,+0.967
1678557600,+3.47, +8.635,+10.452,+0.967
1678558200,+3.47, +8.617,+10.497,+0.967
1678558800,+3.47, +8.617,+10.448,+0.967
1678559400,+3.47, +8.626,+10.326,+0.967
1678560000,+3.47, +8.635,+10.454,+0.967
1678560600,+3.47, +8.645,+10.475,+0.967
1678561200,+3.47, +8.663,+10.435,+0.967
1678561800,+3.47, +8.654,+10.417,+0.967
1678562400,+3.47, +8.654,+10.441,+0.967
1678563000,+3.47, +8.635,+10.516,+0.966
1678563600,+3.47, +8.663,+10.536,+0.967
1678564200,+3.47, +8.673,+10.587,+0.967
1678564800,+3.47, +8.645,+10.542,+0.967
1678565400,+3.47, +8.645,+10.517,+0.966
1678566000,+3.47, +8.635,+10.539,+0.967
1678566600,+3.47, +8.645,+10.480,+0.967
1678567200,+3.47, +8.654,+10.450,+0.967
1678567800,+3.47, +8.663,+10.480,+0.967
1678568400,+3.47, +8.645,+10.468,+0.967
1678569000,+3.47, +8.635,+10.450,+0.967
1678569600,+3.47, +8.645,+10.445,+0.967
1678570200,+3.47, +8.635,+10.494,+0.967
1678570800,+3.47, +8.654,+10.455,+0.967
1678571400,+3.47, +8.654,+10.446,+0.967
1678572000,+3.47, +8.663,+10.464,+0.967
1678572600,+3.47, +8.673,+10.484,+0.967
1678573200,+3.47, +8.785,+10.827,+0.966
1678573800,+3.47, +8.813,+11.039,+0.967
1678574400,+3.47, +8.794,+11.106,+0.967
1678575000,+3.47, +8.803,+11.110,+0.967
1678575600,+3.47, +8.794,+11.127,+0.967
1678576200,+3.47, +8.831,+11.107,+0.967
1678576800,+3.47, +8.822,+11.091,+0.967
1678577400,+3.47, +8.729,+10.765,+0.967
1678578000,+3.47, +8.701,+10.645,+0.966
1678578600,+3.47, +8.701,+10.625,+0.967
1678579200,+3.47, +8.747,+11.011,+0.967
1678579800,+3.47, +8.757,+11.061,+0.967
1678580400,+3.47, +8.747,+11.075,+0.967
1678581000,+3.47, +8.738,+10.999,+0.966
1678581600,+3.47, +8.719,+10.866,+0.967
1678582200,+3.47, +8.710,+10.775,+0.967
1678582800,+3.47, +8.747,+10.870,+0.967
1678583400,+3.47, +8.663,+10.902,+0.967
1678584000,+3.47, +8.673,+10.891,+0.967
1678584600,+3.47, +8.663,+10.966,+0.967
1678585200,+3.47, +8.654,+10.963,+0.967
1678585800,+3.47, +8.635,+10.891,+0.967
1678586400,+3.47, +8.645,+10.930,+0.966
1678587000,+3.47, +8.645,+10.959,+0.967
1678587600,+3.47, +8.579,+10.946,+0.967
1678588200,+3.47, +8.588,+10.904,+0.967
1678588800,+3.47, +8.579,+10.900,+0.967
1678589400,+3.47, +8.570,+10.887,+0.967
1678590000,+3.47, +8.532,+10.873,+0.967
1678590600,+3.47, +8.542,+10.845,+0.967
1678591200,+3.47, +8.560,+10.847,+0.967
1678591800,+3.47, +8.579,+10.838,+0.967
1678592400,+3.47, +8.579,+10.840,+0.966
1678593000,+3.47, +8.570,+10.887,+0.967
1678593600,+3.47, +8.598,+10.820,+0.967
1678594200,+3.47, +8.617,+10.848,+0.967
1678594800,+3.47, +8.560,+10.814,+0.967
1678595400,+3.47, +8.570,+10.792,+0.966
1678596000,+3.47, +8.579,+10.789,+0.966
1678596600,+3.47, +8.588,+10.805,+0.967
1678597200,+3.47, +8.598,+10.771,+0.967
1678597800,+3.47, +8.570,+10.722,+0.966
1678598400,+3.47, +8.570,+10.686,+0.966
1678599000,+3.47, +8.570,+10.647,+0.967
1678599600,+3.47, +8.570,+10.613,+0.967
1678600200,+3.47, +8.560,+10.621,+0.967
1678600800,+3.47, +8.560,+10.574,+0.967
1678601400,+3.47, +8.551,+10.529,+0.967
1678602000,+3.47, +8.523,+10.528,+0.967
