7450-055639
OS REV: 1.05 Sensor Cal: 1624981093
Time (sec),  BV (Volts),  T (deg C),  DO (mg/l),  Q ()
1673382600,+3.45, +4.414,+11.786,+0.965
1673383200,+3.45, +4.414,+11.787,+0.965
1673383800,+3.45, +4.414,+11.735,+0.965
1673384400,+3.45, +4.414,+11.760,+0.966
1673385000,+3.45, +4.424,+11.781,+0.965
1673385600,+3.45, +4.404,+11.787,+0.965
1673386200,+3.45, +4.444,+11.759,+0.964
1673386800,+3.45, +4.424,+11.781,+0.965
1673387400,+3.45, +4.434,+11.814,+0.965
1673388000,+3.45, +4.464,+11.776,+0.965
1673388600,+3.45, +4.434,+11.774,+0.965
1673389200,+3.45, +4.454,+11.744,+0.964
1673389800,+3.45, +4.454,+11.725,+0.965
1673390400,+3.45, +4.454,+11.369,+0.965
1673391000,+3.45, +4.464,+11.422,+0.965
1673391600,+3.45, +4.464,+11.371,+0.965
1673392200,+3.45, +4.484,+11.396,+0.965
1673392800,+3.45, +4.454,+11.444,+0.965
1673393400,+3.45, +4.444,+11.451,+0.965
1673394000,+3.45, +4.454,+11.456,+0.965
1673394600,+3.45, +4.464,+11.517,+0.965
1673395200,+3.45, +4.444,+11.557,+0.965
1673395800,+3.45, +4.464,+11.594,+0.965
1673396400,+3.45, +4.424,+11.691,+0.965
1673397000,+3.45, +4.434,+11.700,+0.965
1673397600,+3.45, +4.434,+11.703,+0.965
1673398200,+3.45, +4.444,+11.703,+0.964
1673398800,+3.45, +4.454,+11.725,+0.965
1673399400,+3.45, +4.444,+11.688,+0.965
1673400000,+3.45, +4.444,+11.712,+0.965
1673400600,+3.45, +4.464,+11.708,+0.965
1673401200,+3.45, +4.454,+11.770,+0.965
1673401800,+3.45, +4.464,+11.803,+0.965
1673402400,+3.45, +4.464,+11.784,+0.965
1673403000,+3.45, +4.464,+11.616,+0.965
1673403600,+3.45, +4.494,+11.748,+0.965
1673404200,+3.45, +4.474,+11.731,+0.966
1673404800,+3.45, +4.494,+11.670,+0.965
1673405400,+3.45, +4.484,+11.672,+0.965
1673406000,+3.45, +4.494,+11.684,+0.965
1673406600,+3.45, +4.464,+11.699,+0.965
1673407200,+3.45, +4.494,+11.636,+0.965
1673407800,+3.45, +4.494,+11.607,+0.965
1673408400,+3.45, +4.494,+11.561,+0.965
1673409000,+3.45, +4.474,+11.671,+0.965
1673409600,+3.45, +4.494,+11.733,+0.965
1673410200,+3.45, +4.505,+11.578,+0.965
1673410800,+3.45, +4.515,+11.457,+0.965
1673411400,+3.45, +4.494,+11.484,+0.965
1673412000,+3.45, +4.494,+11.439,+0.965
1673412600,+3.45, +4.484,+11.421,+0.965
1673413200,+3.45, +4.505,+11.377,+0.965
1673413800,+3.45, +4.505,+11.399,+0.965
1673414400,+3.45, +4.515,+11.380,+0.965
1673415000,+3.45, +4.525,+11.375,+0.965
1673415600,+3.45, +4.494,+11.375,+0.965
1673416200,+3.45, +4.515,+11.313,+0.966
1673416800,+3.45, +4.515,+11.255,+0.965
1673417400,+3.45, +4.535,+11.234,+0.965
1673418000,+3.45, +4.535,+11.182,+0.965
1673418600,+3.45, +4.484,+11.462,+0.965
1673419200,+3.45, +4.515,+11.589,+0.965
1673419800,+3.45, +4.484,+11.629,+0.965
1673420400,+3.45, +4.494,+11.581,+0.965
1673421000,+3.45, +4.474,+11.612,+0.965
1673421600,+3.45, +4.464,+11.621,+0.965
1673422200,+3.45, +4.464,+11.641,+0.965
1673422800,+3.45, +4.454,+11.659,+0.965
1673423400,+3.45, +4.444,+11.718,+0.965
1673424000,+3.45, +4.424,+11.680,+0.965
1673424600,+3.45, +4.424,+11.663,+0.965
1673425200,+3.45, +4.414,+11.677,+0.965
1673425800,+3.45, +4.404,+11.684,+0.965
1673426400,+3.45, +4.424,+11.696,+0.965
1673427000,+3.45, +4.404,+11.689,+0.965
1673427600,+3.45, +4.393,+11.708,+0.965
1673428200,+3.45, +4.404,+11.703,+0.965
1673428800,+3.45, +4.424,+11.688,+0.965
1673429400,+3.45, +4.424,+11.673,+0.965
1673430000,+3.45, +4.414,+11.658,+0.965
1673430600,+3.45, +4.414,+11.679,+0.965
1673431200,+3.45, +4.404,+11.690,+0.965
1673431800,+3.45, +4.393,+11.664,+0.965
1673432400,+3.45, +4.373,+11.623,+0.965
1673433000,+3.45, +4.383,+11.611,+0.965
1673433600,+3.45, +4.383,+11.641,+0.965
1673434200,+3.45, +4.363,+11.641,+0.965
1673434800,+3.45, +4.343,+11.659,+0.965
1673435400,+3.45, +4.373,+11.639,+0.965
1673436000,+3.45, +4.383,+11.615,+0.965
1673436600,+3.45, +4.373,+11.649,+0.965
1673437200,+3.45, +4.393,+11.612,+0.965
1673437800,+3.45, +4.383,+11.692,+0.965
1673438400,+3.45, +4.383,+11.736,+0.965
1673439000,+3.45, +4.373,+11.723,+0.965
1673439600,+3.45, +4.393,+11.687,+0.965
1673440200,+3.45, +4.353,+11.682,+0.965
1673440800,+3.45, +4.373,+11.685,+0.965
1673441400,+3.45, +4.363,+11.681,+0.965
1673442000,+3.45, +4.353,+11.661,+0.965
1673442600,+3.45, +4.343,+11.664,+0.965
1673443200,+3.45, +4.323,+11.663,+0.965
1673443800,+3.45, +4.313,+11.683,+0.965
1673444400,+3.45, +4.323,+11.674,+0.965
1673445000,+3.45, +4.353,+11.636,+0.965
1673445600,+3.45, +4.343,+11.651,+0.965
1673446200,+3.45, +4.353,+11.646,+0.965
1673446800,+3.45, +4.333,+11.649,+0.965
1673447400,+3.45, +4.333,+11.631,+0.965
1673448000,+3.45, +4.353,+11.618,+0.965
1673448600,+3.45, +4.323,+11.648,+0.965
1673449200,+3.45, +4.323,+11.631,+0.965
1673449800,+3.45, +4.323,+11.655,+0.965
1673450400,+3.45, +4.323,+11.669,+0.965
1673451000,+3.45, +4.353,+11.694,+0.965
1673451600,+3.45, +4.343,+11.547,+0.965
1673452200,+3.45, +4.323,+11.708,+0.965
1673452800,+3.45, +4.313,+11.263,+0.965
1673453400,+3.45, +4.282,+11.512,+0.965
1673454000,+3.45, +4.323,+11.556,+0.965
1673454600,+3.45, +4.353,+11.077,+0.965
1673455200,+3.45, +4.393,+10.537,+0.965
1673455800,+3.45, +4.363,+11.141,+0.965
1673456400,+3.45, +4.333,+11.229,+0.965
1673457000,+3.45, +4.282,+11.569,+0.965
1673457600,+3.45, +4.343,+11.129,+0.965
1673458200,+3.45, +4.343,+11.180,+0.965
1673458800,+3.45, +4.333,+11.112,+0.965
1673459400,+3.45, +4.333,+11.295,+0.965
1673460000,+3.45, +4.313,+11.513,+0.965
1673460600,+3.45, +4.282,+11.481,+0.965
1673461200,+3.45, +4.323,+11.485,+0.965
1673461800,+3.45, +4.333,+11.643,+0.965
1673462400,+3.45, +4.343,+11.493,+0.965
1673463000,+3.45, +4.343,+11.555,+0.965
1673463600,+3.45, +4.343,+11.611,+0.965
1673464200,+3.45, +4.353,+11.575,+0.965
1673464800,+3.45, +4.353,+11.471,+0.965
1673465400,+3.45, +4.313,+11.564,+0.965
1673466000,+3.45, +4.302,+11.512,+0.965
1673466600,+3.45, +4.282,+11.640,+0.965
1673467200,+3.45, +4.272,+11.703,+0.965
1673467800,+3.45, +4.262,+11.712,+0.965
1673468400,+3.45, +4.282,+11.701,+0.965
1673469000,+3.45, +4.292,+11.760,+0.965
