7450-055639
OS REV: 1.05 Sensor Cal: 1624981093
Time (sec),  BV (Volts),  T (deg C),  DO (mg/l),  Q ()
1676601600,+3.46, +5.523,+10.584,+0.967
1676602200,+3.46, +5.533,+10.617,+0.966
1676602800,+3.46, +5.533,+10.587,+0.966
1676603400,+3.46, +5.533,+10.367,+0.966
1676604000,+3.46, +5.523,+10.216,+0.966
1676604600,+3.46, +5.523,+10.301,+0.967
1676605200,+3.46, +5.533,+10.350,+0.966
1676605800,+3.46, +5.543,+10.431,+0.966
1676606400,+3.46, +5.513,+10.378,+0.966
1676607000,+3.46, +5.513,+10.371,+0.966
1676607600,+3.46, +5.523,+10.366,+0.966
1676608200,+3.46, +5.513,+10.441,+0.966
1676608800,+3.46, +5.523,+10.434,+0.966
1676609400,+3.46, +5.543,+10.385,+0.966
1676610000,+3.46, +5.513,+10.349,+0.966
1676610600,+3.46, +5.533,+10.353,+0.966
1676611200,+3.46, +5.543,+10.304,+0.967
1676611800,+3.46, +5.523,+10.327,+0.966
1676612400,+3.46, +5.552,+10.291,+0.966
1676613000,+3.46, +5.533,+10.285,+0.966
1676613600,+3.46, +5.503,+10.329,+0.966
1676614200,+3.46, +5.513,+10.334,+0.966
1676614800,+3.46, +5.543,+10.439,+0.966
1676615400,+3.46, +5.513,+10.467,+0.966
1676616000,+3.46, +5.543,+10.474,+0.966
1676616600,+3.46, +5.543,+10.478,+0.966
1676617200,+3.46, +5.533,+10.460,+0.966
1676617800,+3.46, +5.552,+10.418,+0.966
1676618400,+3.46, +5.552,+10.415,+0.966
1676619000,+3.46, +5.543,+10.358,+0.966
1676619600,+3.46, +5.543,+10.352,+0.966
1676620200,+3.46, +5.543,+10.336,+0.967
1676620800,+3.46, +5.562,+10.300,+0.966
1676621400,+3.46, +5.552,+10.282,+0.966
1676622000,+3.46, +5.533,+10.379,+0.966
1676622600,+3.46, +5.533,+10.349,+0.966
1676623200,+3.46, +5.523,+10.379,+0.967
1676623800,+3.46, +5.533,+10.434,+0.966
1676624400,+3.46, +5.533,+10.417,+0.966
1676625000,+3.46, +5.523,+10.364,+0.966
1676625600,+3.46, +5.523,+10.371,+0.966
1676626200,+3.46, +5.543,+10.457,+0.966
1676626800,+3.46, +5.533,+10.459,+0.966
1676627400,+3.46, +5.523,+10.444,+0.966
1676628000,+3.46, +5.543,+10.466,+0.966
1676628600,+3.46, +5.552,+10.439,+0.966
1676629200,+3.46, +5.572,+10.495,+0.967
1676629800,+3.46, +5.552,+10.492,+0.966
1676630400,+3.46, +5.582,+10.524,+0.967
1676631000,+3.46, +5.582,+10.549,+0.966
1676631600,+3.46, +5.622,+10.558,+0.966
1676632200,+3.46, +5.641,+10.629,+0.966
1676632800,+3.46, +5.671,+10.686,+0.966
1676633400,+3.46, +5.700,+10.723,+0.966
1676634000,+3.46, +5.710,+10.672,+0.967
1676634600,+3.46, +5.760,+10.809,+0.966
1676635200,+3.46, +5.769,+10.809,+0.966
1676635800,+3.46, +5.789,+10.752,+0.966
1676636400,+3.46, +5.779,+10.708,+0.966
1676637000,+3.46, +5.760,+10.677,+0.966
1676637600,+3.46, +5.760,+10.648,+0.966
1676638200,+3.46, +5.769,+10.671,+0.966
1676638800,+3.46, +5.848,+10.842,+0.966
1676639400,+3.46, +5.858,+10.880,+0.966
1676640000,+3.46, +5.809,+10.785,+0.966
1676640600,+3.46, +5.720,+10.617,+0.966
1676641200,+3.46, +5.622,+10.474,+0.966
1676641800,+3.46, +5.602,+10.428,+0.966
1676642400,+3.46, +5.602,+10.493,+0.966
1676643000,+3.46, +5.592,+10.482,+0.966
1676643600,+3.46, +5.592,+10.458,+0.966
1676644200,+3.46, +5.582,+10.430,+0.967
1676644800,+3.46, +5.592,+10.553,+0.966
1676645400,+3.46, +5.572,+10.560,+0.966
1676646000,+3.46, +5.562,+10.518,+0.966
1676646600,+3.46, +5.552,+10.495,+0.967
1676647200,+3.46, +5.523,+10.484,+0.967
1676647800,+3.46, +5.533,+10.498,+0.966
1676648400,+3.46, +5.513,+10.532,+0.966
1676649000,+3.46, +5.533,+10.568,+0.966
1676649600,+3.46, +5.533,+10.575,+0.966
1676650200,+3.46, +5.513,+10.611,+0.966
1676650800,+3.46, +5.681,+10.692,+0.966
1676651400,+3.46, +5.671,+10.699,+0.967
1676652000,+3.46, +5.691,+10.657,+0.967
1676652600,+3.46, +5.720,+10.649,+0.966
1676653200,+3.46, +5.868,+10.803,+0.967
1676653800,+3.46, +5.789,+10.814,+0.966
1676654400,+3.46, +5.691,+10.761,+0.966
1676655000,+3.46, +5.661,+10.748,+0.966
1676655600,+3.46, +5.661,+10.740,+0.966
1676656200,+3.46, +5.641,+10.686,+0.966
1676656800,+3.46, +5.622,+10.621,+0.966
1676657400,+3.46, +5.602,+10.622,+0.966
1676658000,+3.46, +5.631,+10.651,+0.966
1676658600,+3.46, +5.631,+10.701,+0.966
1676659200,+3.46, +5.612,+10.710,+0.966
1676659800,+3.46, +5.592,+10.741,+0.966
1676660400,+3.46, +5.612,+10.731,+0.966
1676661000,+3.46, +5.602,+10.710,+0.966
1676661600,+3.46, +5.641,+10.701,+0.966
1676662200,+3.46, +5.622,+10.772,+0.966
1676662800,+3.46, +5.661,+10.722,+0.966
1676663400,+3.46, +5.671,+10.719,+0.966
1676664000,+3.46, +5.681,+10.705,+0.966
1676664600,+3.46, +5.740,+10.721,+0.967
1676665200,+3.46, +5.750,+10.697,+0.966
1676665800,+3.46, +6.201,+11.264,+0.967
1676666400,+3.46, +6.395,+11.023,+0.966
1676667000,+3.46, +6.083,+10.868,+0.966
1676667600,+3.46, +5.740,+10.740,+0.966
1676668200,+3.46, +5.760,+10.770,+0.966
1676668800,+3.46, +5.750,+10.763,+0.967
1676669400,+3.46, +5.760,+10.789,+0.966
1676670000,+3.46, +5.828,+10.853,+0.966
1676670600,+3.46, +5.779,+10.814,+0.966
1676671200,+3.46, +5.769,+10.804,+0.967
1676671800,+3.46, +5.700,+10.755,+0.966
1676672400,+3.46, +5.671,+10.769,+0.966
1676673000,+3.46, +5.710,+10.807,+0.967
1676673600,+3.46, +5.750,+10.785,+0.966
1676674200,+3.46, +5.740,+10.768,+0.967
1676674800,+3.46, +5.750,+10.771,+0.966
1676675400,+3.46, +5.809,+10.772,+0.966
1676676000,+3.46, +5.819,+10.746,+0.966
1676676600,+3.46, +5.917,+10.716,+0.966
1676677200,+3.46, +5.848,+10.698,+0.967
1676677800,+3.46, +5.907,+10.710,+0.966
1676678400,+3.46, +6.279,+10.811,+0.967
1676679000,+3.46, +6.715,+10.911,+0.966
1676679600,+3.46, +6.483,+10.847,+0.967
1676680200,+3.46, +6.395,+10.776,+0.966
1676680800,+3.46, +6.122,+10.737,+0.966
1676681400,+3.46, +6.142,+10.705,+0.966
1676682000,+3.46, +6.054,+10.714,+0.967
1676682600,+3.46, +6.025,+10.706,+0.967
1676683200,+3.46, +5.966,+10.666,+0.966
1676683800,+3.46, +5.956,+10.675,+0.966
1676684400,+3.46, +6.054,+10.702,+0.967
1676685000,+3.46, +6.191,+10.823,+0.967
1676685600,+3.46, +6.308,+10.748,+0.966
1676686200,+3.46, +5.917,+10.624,+0.966
1676686800,+3.46, +5.868,+10.657,+0.966
1676687400,+3.46, +5.878,+10.630,+0.966
1676688000,+3.46, +5.848,+10.624,+0.966
