7450-055639
OS REV: 1.05 Sensor Cal: 1624981093
Time (sec),  BV (Volts),  T (deg C),  DO (mg/l),  Q ()
1675470600,+3.45, +4.585,+11.919,+0.965
1675471200,+3.45, +4.595,+11.910,+0.966
1675471800,+3.45, +4.565,+11.918,+0.966
1675472400,+3.45, +4.515,+11.919,+0.965
1675473000,+3.45, +4.505,+11.930,+0.965
1675473600,+3.45, +4.535,+11.918,+0.965
1675474200,+3.45, +4.525,+11.919,+0.965
1675474800,+3.45, +4.525,+11.908,+0.965
1675475400,+3.45, +4.525,+11.896,+0.965
1675476000,+3.46, +4.505,+11.890,+0.965
1675476600,+3.46, +4.484,+11.888,+0.965
1675477200,+3.45, +4.474,+11.917,+0.966
1675477800,+3.46, +4.494,+11.873,+0.965
1675478400,+3.46, +4.444,+11.910,+0.966
1675479000,+3.46, +4.424,+11.907,+0.965
1675479600,+3.46, +4.404,+11.912,+0.965
1675480200,+3.46, +4.373,+11.927,+0.965
1675480800,+3.46, +4.363,+11.915,+0.965
1675481400,+3.46, +4.373,+11.919,+0.965
1675482000,+3.46, +4.353,+11.919,+0.965
1675482600,+3.46, +4.353,+11.906,+0.965
1675483200,+3.46, +4.353,+11.912,+0.966
1675483800,+3.46, +4.313,+11.914,+0.965
1675484400,+3.46, +4.343,+11.897,+0.965
1675485000,+3.46, +4.313,+11.899,+0.965
1675485600,+3.46, +4.333,+11.872,+0.965
1675486200,+3.46, +4.333,+11.894,+0.965
1675486800,+3.46, +4.333,+11.878,+0.965
1675487400,+3.46, +4.323,+11.889,+0.965
1675488000,+3.46, +4.313,+11.866,+0.965
1675488600,+3.46, +4.292,+11.857,+0.965
1675489200,+3.46, +4.302,+11.846,+0.965
1675489800,+3.46, +4.302,+11.816,+0.965
1675490400,+3.46, +4.262,+11.873,+0.965
1675491000,+3.46, +4.252,+11.867,+0.965
1675491600,+3.46, +4.191,+11.880,+0.965
1675492200,+3.46, +4.201,+11.815,+0.965
1675492800,+3.46, +4.161,+11.854,+0.965
1675493400,+3.46, +4.181,+11.847,+0.965
1675494000,+3.46, +4.211,+11.827,+0.965
1675494600,+3.46, +4.181,+11.835,+0.965
1675495200,+3.46, +4.201,+11.831,+0.965
1675495800,+3.46, +4.201,+11.821,+0.965
1675496400,+3.46, +4.201,+11.822,+0.965
1675497000,+3.46, +4.211,+11.814,+0.965
1675497600,+3.46, +4.201,+11.817,+0.965
1675498200,+3.46, +4.201,+11.804,+0.965
1675498800,+3.46, +4.201,+11.843,+0.965
1675499400,+3.46, +4.161,+11.820,+0.965
1675500000,+3.46, +4.181,+11.813,+0.965
1675500600,+3.46, +4.171,+11.796,+0.964
1675501200,+3.46, +4.161,+11.811,+0.965
1675501800,+3.46, +4.161,+11.764,+0.964
1675502400,+3.46, +4.161,+11.774,+0.965
1675503000,+3.46, +4.191,+11.771,+0.965
1675503600,+3.46, +4.120,+11.833,+0.965
1675504200,+3.46, +4.110,+11.833,+0.965
1675504800,+3.46, +4.120,+11.804,+0.965
1675505400,+3.46, +4.069,+11.809,+0.964
1675506000,+3.46, +4.079,+11.823,+0.965
1675506600,+3.46, +4.110,+11.786,+0.965
1675507200,+3.46, +4.089,+11.789,+0.965
1675507800,+3.46, +4.079,+11.801,+0.965
1675508400,+3.46, +4.008,+11.813,+0.964
1675509000,+3.46, +4.049,+11.803,+0.965
1675509600,+3.46, +4.049,+11.791,+0.965
1675510200,+3.46, +4.039,+11.785,+0.964
1675510800,+3.46, +4.018,+11.801,+0.965
1675511400,+3.46, +4.049,+11.773,+0.965
1675512000,+3.46, +4.059,+11.773,+0.965
1675512600,+3.46, +4.089,+11.735,+0.965
1675513200,+3.46, +4.110,+11.709,+0.965
1675513800,+3.46, +4.089,+11.719,+0.965
1675514400,+3.46, +4.089,+11.745,+0.964
1675515000,+3.46, +4.089,+11.747,+0.965
1675515600,+3.46, +4.079,+11.748,+0.965
1675516200,+3.46, +4.069,+11.690,+0.965
1675516800,+3.46, +4.089,+11.719,+0.965
1675517400,+3.46, +4.079,+11.726,+0.965
1675518000,+3.46, +4.069,+11.709,+0.965
1675518600,+3.46, +4.089,+11.722,+0.965
1675519200,+3.46, +4.089,+11.719,+0.965
1675519800,+3.46, +4.079,+11.726,+0.965
1675520400,+3.46, +4.049,+11.770,+0.965
1675521000,+3.46, +3.988,+11.797,+0.965
1675521600,+3.46, +3.967,+11.832,+0.965
1675522200,+3.46, +3.977,+11.812,+0.965
1675522800,+3.46, +4.018,+11.806,+0.965
1675523400,+3.46, +4.018,+11.763,+0.965
1675524000,+3.46, +4.018,+11.743,+0.965
1675524600,+3.46, +3.977,+11.754,+0.965
1675525200,+3.46, +3.926,+11.756,+0.965
1675525800,+3.45, +3.916,+11.771,+0.965
1675526400,+3.45, +3.926,+11.811,+0.965
1675527000,+3.45, +3.916,+11.801,+0.965
1675527600,+3.45, +3.906,+11.805,+0.965
1675528200,+3.45, +3.886,+11.755,+0.965
1675528800,+3.45, +3.906,+11.785,+0.965
1675529400,+3.46, +3.967,+11.816,+0.965
1675530000,+3.46, +4.008,+11.797,+0.965
1675530600,+3.46, +4.049,+11.817,+0.964
1675531200,+3.46, +4.100,+11.822,+0.964
1675531800,+3.46, +4.120,+11.855,+0.965
1675532400,+3.46, +4.171,+11.862,+0.965
1675533000,+3.46, +4.201,+11.872,+0.965
1675533600,+3.46, +4.221,+11.898,+0.965
1675534200,+3.46, +4.282,+11.897,+0.965
1675534800,+3.46, +4.323,+11.873,+0.965
1675535400,+3.46, +4.333,+11.875,+0.965
1675536000,+3.46, +4.343,+11.882,+0.965
1675536600,+3.46, +4.353,+11.861,+0.965
1675537200,+3.46, +4.353,+11.881,+0.965
1675537800,+3.46, +4.272,+11.838,+0.965
1675538400,+3.46, +4.191,+11.847,+0.965
1675539000,+3.46, +4.262,+11.796,+0.965
1675539600,+3.46, +4.323,+11.810,+0.965
1675540200,+3.46, +4.313,+11.832,+0.965
1675540800,+3.46, +4.373,+11.862,+0.965
1675541400,+3.46, +4.302,+11.814,+0.965
1675542000,+3.46, +4.242,+11.791,+0.964
1675542600,+3.46, +4.221,+11.816,+0.965
1675543200,+3.46, +4.252,+11.800,+0.965
1675543800,+3.46, +4.272,+11.793,+0.965
1675544400,+3.46, +4.252,+11.796,+0.965
1675545000,+3.46, +4.232,+11.786,+0.965
1675545600,+3.46, +4.232,+11.788,+0.964
1675546200,+3.46, +4.221,+11.775,+0.965
1675546800,+3.46, +4.282,+11.811,+0.965
1675547400,+3.46, +4.292,+11.833,+0.965
1675548000,+3.46, +4.323,+11.856,+0.965
1675548600,+3.46, +4.363,+11.828,+0.965
1675549200,+3.46, +4.363,+11.804,+0.965
1675549800,+3.46, +4.363,+11.773,+0.965
1675550400,+3.46, +4.333,+11.821,+0.965
1675551000,+3.46, +4.333,+11.804,+0.965
1675551600,+3.46, +4.323,+11.782,+0.965
1675552200,+3.46, +4.323,+11.801,+0.965
1675552800,+3.46, +4.323,+11.779,+0.965
1675553400,+3.46, +4.313,+11.685,+0.965
1675554000,+3.46, +4.323,+11.633,+0.965
1675554600,+3.46, +4.313,+11.602,+0.965
1675555200,+3.46, +4.302,+11.638,+0.965
1675555800,+3.46, +4.313,+11.598,+0.965
1675556400,+3.46, +4.302,+11.379,+0.965
1675557000,+3.46, +4.292,+11.564,+0.965
