7450-055639
OS REV: 1.05 Sensor Cal: 1624981093
Time (sec),  BV (Volts),  T (deg C),  DO (mg/l),  Q ()
1680168600,+3.47, +7.569,+10.197,+0.967
1680169200,+3.47, +7.569,+10.149,+0.966
1680169800,+3.46, +7.569,+10.103,+0.966
1680170400,+3.47, +7.588, +9.949,+0.966
1680171000,+3.47, +7.569, +9.602,+0.966
1680171600,+3.47, +7.569, +9.300,+0.966
1680172200,+3.47, +7.579, +9.117,+0.966
1680172800,+3.47, +7.560, +9.043,+0.966
1680173400,+3.47, +7.588, +9.285,+0.967
1680174000,+3.47, +7.569, +9.518,+0.966
1680174600,+3.46, +7.588, +9.644,+0.966
1680175200,+3.47, +7.588, +9.653,+0.967
1680175800,+3.47, +7.588, +9.592,+0.966
1680176400,+3.47, +7.560, +9.653,+0.966
1680177000,+3.47, +7.588, +9.666,+0.966
1680177600,+3.47, +7.588, +9.506,+0.967
1680178200,+3.47, +7.569, +9.654,+0.966
1680178800,+3.47, +7.607, +9.812,+0.966
1680179400,+3.47, +7.569,+10.000,+0.966
1680180000,+3.47, +7.588,+10.055,+0.966
1680180600,+3.47, +7.598,+10.586,+0.966
1680181200,+3.47, +7.598,+10.454,+0.966
1680181800,+3.47, +7.598,+11.363,+0.966
1680182400,+3.47, +7.598,+11.419,+0.966
1680183000,+3.47, +7.617,+11.429,+0.966
1680183600,+3.47, +7.588,+11.235,+0.966
1680184200,+3.47, +7.588,+11.565,+0.967
1680184800,+3.47, +7.598,+11.337,+0.966
1680185400,+3.47, +7.588,+11.257,+0.966
1680186000,+3.47, +7.617,+11.100,+0.966
1680186600,+3.47, +7.598,+11.106,+0.966
1680187200,+3.47, +7.588,+11.193,+0.966
1680187800,+3.47, +7.607,+11.270,+0.966
1680188400,+3.47, +7.607,+11.211,+0.966
1680189000,+3.47, +7.607,+11.456,+0.966
1680189600,+3.47, +7.588,+11.497,+0.966
1680190200,+3.47, +7.588,+11.586,+0.966
1680190800,+3.47, +7.598,+11.407,+0.966
1680191400,+3.47, +7.579,+11.391,+0.966
1680192000,+3.47, +7.598,+11.519,+0.966
1680192600,+3.47, +7.626,+11.543,+0.966
1680193200,+3.47, +7.617,+11.392,+0.966
1680193800,+3.47, +7.617,+11.200,+0.966
1680194400,+3.47, +7.588,+11.417,+0.966
1680195000,+3.47, +7.617,+11.309,+0.966
1680195600,+3.47, +7.617,+11.242,+0.966
1680196200,+3.47, +7.626,+11.308,+0.966
1680196800,+3.47, +7.607,+11.192,+0.966
1680197400,+3.47, +7.636,+11.349,+0.965
1680198000,+3.47, +7.636,+11.546,+0.966
1680198600,+3.47, +7.626,+11.707,+0.966
1680199200,+3.47, +7.655,+11.310,+0.966
1680199800,+3.47, +7.607,+11.218,+0.966
1680200400,+3.47, +7.636,+11.152,+0.966
1680201000,+3.47, +7.645,+11.077,+0.966
1680201600,+3.47, +7.636,+10.900,+0.967
1680202200,+3.47, +7.645,+11.184,+0.966
1680202800,+3.47, +7.645,+10.868,+0.966
1680203400,+3.47, +7.655,+10.010,+0.966
1680204000,+3.47, +7.645,+10.561,+0.966
1680204600,+3.47, +7.655,+10.489,+0.966
1680205200,+3.47, +7.655,+11.036,+0.966
1680205800,+3.47, +7.655,+10.904,+0.966
1680206400,+3.47, +7.645,+10.665,+0.966
1680207000,+3.47, +7.636,+10.687,+0.966
1680207600,+3.47, +7.645,+10.885,+0.966
1680208200,+3.47, +7.655,+10.638,+0.966
1680208800,+3.47, +7.655,+10.702,+0.966
1680209400,+3.47, +7.645,+10.944,+0.966
1680210000,+3.47, +7.626,+10.946,+0.966
1680210600,+3.47, +7.617,+11.020,+0.966
1680211200,+3.47, +7.636,+10.819,+0.966
1680211800,+3.47, +7.626,+10.725,+0.966
1680212400,+3.47, +7.645,+10.537,+0.966
1680213000,+3.47, +7.664,+10.738,+0.966
1680213600,+3.47, +7.636,+10.804,+0.966
1680214200,+3.47, +7.636,+11.243,+0.966
1680214800,+3.47, +7.655,+11.373,+0.966
1680215400,+3.47, +7.664,+11.212,+0.966
1680216000,+3.47, +7.645,+10.953,+0.966
1680216600,+3.47, +7.655,+11.008,+0.966
1680217200,+3.47, +7.674,+11.035,+0.966
1680217800,+3.47, +7.674,+11.017,+0.966
1680218400,+3.47, +7.645,+11.031,+0.966
1680219000,+3.47, +7.645,+10.920,+0.966
1680219600,+3.47, +7.645,+10.838,+0.966
1680220200,+3.47, +7.655,+10.803,+0.966
1680220800,+3.47, +7.636,+10.910,+0.966
1680221400,+3.47, +7.645,+10.943,+0.966
1680222000,+3.47, +7.636,+10.885,+0.967
1680222600,+3.47, +7.636,+10.810,+0.967
1680223200,+3.47, +7.645,+10.682,+0.966
1680223800,+3.47, +7.645,+10.575,+0.966
1680224400,+3.47, +7.655,+10.477,+0.966
1680225000,+3.47, +7.664,+10.411,+0.966
1680225600,+3.47, +7.636,+10.520,+0.966
1680226200,+3.47, +7.655,+10.535,+0.966
1680226800,+3.47, +7.626,+10.550,+0.966
1680227400,+3.47, +7.645,+10.554,+0.967
1680228000,+3.47, +7.655,+10.669,+0.966
1680228600,+3.47, +7.645,+10.671,+0.966
1680229200,+3.47, +7.655,+10.699,+0.966
1680229800,+3.47, +7.636,+10.823,+0.966
1680230400,+3.47, +7.645,+10.816,+0.966
1680231000,+3.47, +7.655,+10.885,+0.967
1680231600,+3.47, +7.674,+10.838,+0.966
1680232200,+3.47, +7.683,+10.840,+0.966
1680232800,+3.47, +7.655,+10.750,+0.966
1680233400,+3.47, +7.655,+10.636,+0.967
1680234000,+3.47, +7.655,+10.501,+0.966
1680234600,+3.47, +7.655,+10.481,+0.966
1680235200,+3.47, +7.655,+10.418,+0.967
1680235800,+3.47, +7.655,+10.299,+0.966
1680236400,+3.47, +7.645,+10.073,+0.966
1680237000,+3.47, +7.655, +9.830,+0.967
1680237600,+3.47, +7.655, +9.623,+0.967
1680238200,+3.47, +7.655, +9.465,+0.967
1680238800,+3.47, +7.674, +9.250,+0.966
1680239400,+3.47, +7.645, +9.514,+0.966
1680240000,+3.47, +7.674, +9.539,+0.967
1680240600,+3.47, +7.674, +9.394,+0.967
1680241200,+3.47, +7.664, +9.196,+0.967
1680241800,+3.47, +7.655, +9.227,+0.967
1680242400,+3.47, +7.645, +9.233,+0.967
1680243000,+3.47, +7.664, +9.234,+0.966
1680243600,+3.47, +7.636, +9.310,+0.966
1680244200,+3.47, +7.655, +9.386,+0.966
1680244800,+3.47, +7.674, +9.381,+0.967
1680245400,+3.47, +7.664, +9.500,+0.966
1680246000,+3.47, +7.655, +9.544,+0.966
1680246600,+3.47, +7.636, +9.234,+0.967
1680247200,+3.47, +7.636, +9.227,+0.967
1680247800,+3.47, +7.664, +9.250,+0.966
1680248400,+3.47, +7.674, +9.277,+0.966
1680249000,+3.47, +7.645, +9.226,+0.967
1680249600,+3.47, +7.636, +9.380,+0.967
1680250200,+3.47, +7.674, +9.439,+0.966
1680250800,+3.47, +7.636, +9.731,+0.966
1680251400,+3.47, +7.655, +9.987,+0.966
1680252000,+3.47, +7.655,+10.199,+0.966
1680252600,+3.47, +7.645, +9.871,+0.966
1680253200,+3.47, +7.655, +9.291,+0.966
1680253800,+3.47, +7.655, +9.039,+0.967
1680254400,+3.47, +7.636, +8.937,+0.967
1680255000,+3.47, +7.645, +8.803,+0.967
