7450-055639
OS REV: 1.05 Sensor Cal: 1624981093
Time (sec),  BV (Volts),  T (deg C),  DO (mg/l),  Q ()
1678776600,+3.47, +7.721,+11.001,+0.967
1678777200,+3.47, +7.731,+10.872,+0.967
1678777800,+3.47, +7.731,+10.916,+0.967
1678778400,+3.47, +7.759,+10.923,+0.967
1678779000,+3.47, +7.731,+10.934,+0.966
1678779600,+3.47, +7.731,+10.837,+0.967
1678780200,+3.47, +7.702,+10.760,+0.967
1678780800,+3.47, +7.702,+10.688,+0.967
1678781400,+3.47, +7.693,+10.670,+0.967
1678782000,+3.47, +7.693,+10.652,+0.967
1678782600,+3.47, +7.693,+10.706,+0.967
1678783200,+3.47, +7.645,+10.745,+0.966
1678783800,+3.47, +7.626,+10.846,+0.967
1678784400,+3.47, +7.645,+10.799,+0.967
1678785000,+3.47, +7.636,+10.806,+0.967
1678785600,+3.47, +7.636,+10.727,+0.967
1678786200,+3.47, +7.617,+10.797,+0.967
1678786800,+3.47, +7.617,+10.775,+0.967
1678787400,+3.47, +7.617,+10.746,+0.966
1678788000,+3.47, +7.617,+10.709,+0.967
1678788600,+3.47, +7.607,+10.679,+0.966
1678789200,+3.47, +7.569,+10.669,+0.966
1678789800,+3.47, +7.531,+10.631,+0.967
1678790400,+3.47, +7.493,+10.630,+0.966
1678791000,+3.47, +7.474,+10.690,+0.967
1678791600,+3.47, +7.464,+10.897,+0.967
1678792200,+3.47, +7.464,+10.738,+0.967
1678792800,+3.47, +7.436,+10.720,+0.967
1678793400,+3.47, +7.445,+10.701,+0.967
1678794000,+3.47, +7.436,+10.664,+0.967
1678794600,+3.47, +7.417,+10.738,+0.967
1678795200,+3.47, +7.417,+10.673,+0.967
1678795800,+3.47, +7.378,+10.635,+0.967
1678796400,+3.47, +7.407,+10.637,+0.967
1678797000,+3.47, +7.407,+10.657,+0.966
1678797600,+3.47, +7.388,+10.611,+0.967
1678798200,+3.47, +7.378,+10.652,+0.966
1678798800,+3.47, +7.378,+10.694,+0.967
1678799400,+3.47, +7.388,+10.696,+0.967
1678800000,+3.47, +7.407,+10.710,+0.967
1678800600,+3.47, +7.407,+10.777,+0.966
1678801200,+3.47, +7.407,+10.711,+0.967
1678801800,+3.47, +7.378,+10.650,+0.967
1678802400,+3.47, +7.378,+10.609,+0.967
1678803000,+3.47, +7.398,+10.717,+0.966
1678803600,+3.47, +7.369,+10.907,+0.967
1678804200,+3.47, +7.388,+10.709,+0.966
1678804800,+3.47, +7.388,+10.714,+0.967
1678805400,+3.47, +7.398,+10.648,+0.966
1678806000,+3.47, +7.369,+10.659,+0.967
1678806600,+3.47, +7.369,+10.741,+0.967
1678807200,+3.47, +7.388,+10.743,+0.967
1678807800,+3.47, +7.388,+10.756,+0.967
1678808400,+3.47, +7.398,+10.677,+0.966
1678809000,+3.47, +7.398,+10.862,+0.967
1678809600,+3.47, +7.398,+10.860,+0.967
1678810200,+3.47, +7.388,+10.729,+0.966
1678810800,+3.47, +7.417,+10.871,+0.967
1678811400,+3.47, +7.388,+10.730,+0.966
1678812000,+3.47, +7.407,+10.876,+0.966
1678812600,+3.47, +7.398,+10.933,+0.967
1678813200,+3.47, +7.426,+10.907,+0.966
1678813800,+3.47, +7.445,+10.904,+0.967
1678814400,+3.47, +7.445,+10.851,+0.967
1678815000,+3.47, +7.436,+10.885,+0.967
1678815600,+3.47, +7.455,+10.775,+0.966
1678816200,+3.47, +7.445,+10.880,+0.966
1678816800,+3.47, +7.483,+10.879,+0.967
1678817400,+3.47, +7.483,+10.927,+0.966
1678818000,+3.47, +7.483,+10.940,+0.967
1678818600,+3.47, +7.464,+10.908,+0.967
1678819200,+3.47, +7.464,+10.759,+0.967
1678819800,+3.47, +7.503,+10.812,+0.967
1678820400,+3.47, +7.464,+10.781,+0.967
1678821000,+3.47, +7.445,+10.685,+0.967
1678821600,+3.47, +7.407,+10.666,+0.966
1678822200,+3.47, +7.398,+10.751,+0.966
1678822800,+3.47, +7.398,+10.688,+0.966
1678823400,+3.47, +7.398,+10.763,+0.966
1678824000,+3.47, +7.426,+10.761,+0.966
1678824600,+3.47, +7.522,+10.807,+0.966
1678825200,+3.47, +7.541,+10.886,+0.967
1678825800,+3.47, +7.569,+10.857,+0.966
1678826400,+3.47, +7.569,+10.878,+0.967
1678827000,+3.47, +7.569,+10.915,+0.967
1678827600,+3.47, +7.579,+10.847,+0.967
1678828200,+3.47, +7.522,+10.799,+0.966
1678828800,+3.47, +7.464,+10.640,+0.967
1678829400,+3.47, +7.464,+10.646,+0.967
1678830000,+3.47, +7.455,+10.609,+0.966
1678830600,+3.47, +7.483,+10.657,+0.967
1678831200,+3.47, +7.493,+10.722,+0.966
1678831800,+3.47, +7.531,+10.760,+0.967
1678832400,+3.47, +7.541,+10.869,+0.967
1678833000,+3.47, +7.560,+10.780,+0.967
1678833600,+3.47, +7.569,+10.914,+0.966
1678834200,+3.47, +7.607,+10.804,+0.967
1678834800,+3.47, +7.588,+10.964,+0.966
1678835400,+3.47, +7.588,+10.935,+0.967
1678836000,+3.47, +7.617,+10.866,+0.966
1678836600,+3.47, +7.636,+11.003,+0.967
1678837200,+3.47, +7.617,+11.055,+0.966
1678837800,+3.47, +7.607,+11.086,+0.966
1678838400,+3.47, +7.636,+11.127,+0.967
1678839000,+3.47, +7.626,+11.108,+0.967
1678839600,+3.47, +7.645,+11.120,+0.967
1678840200,+3.47, +7.655,+11.129,+0.966
1678840800,+3.47, +7.636,+11.181,+0.966
1678841400,+3.47, +7.674,+11.207,+0.967
1678842000,+3.47, +7.702,+11.296,+0.966
1678842600,+3.47, +7.664,+11.268,+0.967
1678843200,+3.47, +7.645,+11.223,+0.967
1678843800,+3.47, +7.636,+11.201,+0.966
1678844400,+3.47, +7.674,+11.272,+0.967
1678845000,+3.47, +7.655,+11.206,+0.967
1678845600,+3.47, +7.607,+11.296,+0.967
1678846200,+3.47, +7.645,+11.273,+0.967
1678846800,+3.47, +7.569,+11.267,+0.966
1678847400,+3.47, +7.569,+11.210,+0.966
1678848000,+3.47, +7.560,+11.179,+0.967
1678848600,+3.47, +7.560,+11.177,+0.967
1678849200,+3.47, +7.541,+11.250,+0.966
1678849800,+3.47, +7.512,+11.213,+0.967
1678850400,+3.47, +7.483,+11.233,+0.967
1678851000,+3.47, +7.483,+11.256,+0.966
1678851600,+3.47, +7.503,+11.228,+0.967
1678852200,+3.47, +7.531,+11.324,+0.966
1678852800,+3.47, +7.417,+11.266,+0.966
1678853400,+3.47, +7.417,+11.297,+0.967
1678854000,+3.47, +7.503,+11.325,+0.967
1678854600,+3.47, +7.407,+11.281,+0.966
1678855200,+3.47, +7.388,+11.298,+0.967
1678855800,+3.47, +7.407,+11.331,+0.967
1678856400,+3.47, +7.445,+11.304,+0.967
1678857000,+3.47, +7.417,+11.312,+0.967
1678857600,+3.47, +7.407,+11.277,+0.966
1678858200,+3.47, +7.359,+11.300,+0.966
1678858800,+3.47, +7.340,+11.295,+0.966
1678859400,+3.47, +7.359,+11.300,+0.966
1678860000,+3.47, +7.350,+11.293,+0.967
1678860600,+3.47, +7.331,+11.253,+0.966
1678861200,+3.47, +7.350,+11.257,+0.967
1678861800,+3.47, +7.321,+11.253,+0.967
1678862400,+3.47, +7.340,+11.226,+0.967
1678863000,+3.47, +7.302,+11.265,+0.967
