7450-055639
OS REV: 1.05 Sensor Cal: 1624981093
Time (sec),  BV (Volts),  T (deg C),  DO (mg/l),  Q ()
1677036600,+3.46, +6.201, +9.534,+0.967
1677037200,+3.46, +6.230, +9.482,+0.967
1677037800,+3.46, +6.181, +9.502,+0.967
1677038400,+3.46, +6.201, +9.487,+0.967
1677039000,+3.46, +6.249, +9.510,+0.967
1677039600,+3.46, +6.269, +9.569,+0.967
1677040200,+3.46, +6.288, +9.408,+0.966
1677040800,+3.46, +6.259, +9.535,+0.967
1677041400,+3.46, +6.259, +9.468,+0.967
1677042000,+3.46, +6.259, +9.490,+0.967
1677042600,+3.46, +6.220, +9.429,+0.967
1677043200,+3.46, +6.220, +9.489,+0.967
1677043800,+3.46, +6.210, +9.449,+0.967
1677044400,+3.46, +6.220, +9.529,+0.967
1677045000,+3.46, +6.220, +9.512,+0.967
1677045600,+3.46, +6.249, +9.652,+0.967
1677046200,+3.46, +6.230, +9.712,+0.967
1677046800,+3.46, +6.288, +9.747,+0.967
1677047400,+3.46, +6.298, +9.763,+0.967
1677048000,+3.46, +6.318, +9.758,+0.967
1677048600,+3.46, +6.288, +9.712,+0.967
1677049200,+3.46, +6.308, +9.715,+0.967
1677049800,+3.46, +6.337, +9.770,+0.967
1677050400,+3.46, +6.337, +9.862,+0.967
1677051000,+3.46, +6.327, +9.882,+0.967
1677051600,+3.46, +6.376, +9.889,+0.967
1677052200,+3.46, +6.366, +9.828,+0.967
1677052800,+3.46, +6.386, +9.810,+0.967
1677053400,+3.46, +6.366, +9.800,+0.967
1677054000,+3.46, +6.386, +9.997,+0.967
1677054600,+3.46, +6.395,+10.039,+0.967
1677055200,+3.46, +6.425,+10.071,+0.966
1677055800,+3.46, +6.434,+10.081,+0.967
1677056400,+3.46, +6.454,+10.032,+0.967
1677057000,+3.46, +6.434,+10.141,+0.967
1677057600,+3.46, +6.463,+10.181,+0.967
1677058200,+3.46, +6.483,+10.221,+0.967
1677058800,+3.47, +6.522,+10.200,+0.967
1677059400,+3.46, +6.493,+10.002,+0.966
1677060000,+3.46, +6.473, +9.858,+0.967
1677060600,+3.46, +6.444, +9.815,+0.967
1677061200,+3.46, +6.493, +9.894,+0.967
1677061800,+3.46, +6.473, +9.842,+0.966
1677062400,+3.47, +6.512, +9.809,+0.967
1677063000,+3.46, +6.483, +9.707,+0.967
1677063600,+3.46, +6.493, +9.571,+0.966
1677064200,+3.47, +6.493, +9.593,+0.966
1677064800,+3.46, +6.493, +9.400,+0.967
1677065400,+3.47, +6.522, +9.687,+0.967
1677066000,+3.47, +6.512, +9.714,+0.967
1677066600,+3.47, +6.512, +9.614,+0.967
1677067200,+3.47, +6.522, +9.556,+0.967
1677067800,+3.47, +6.522, +9.638,+0.967
1677068400,+3.47, +6.522, +9.548,+0.967
1677069000,+3.47, +6.541, +9.601,+0.967
1677069600,+3.47, +6.570, +9.681,+0.967
1677070200,+3.47, +6.590, +9.668,+0.967
1677070800,+3.47, +6.599, +9.719,+0.967
1677071400,+3.47, +6.609, +9.602,+0.967
1677072000,+3.47, +6.590, +9.422,+0.967
1677072600,+3.47, +6.580, +9.196,+0.967
1677073200,+3.47, +6.580, +9.030,+0.967
1677073800,+3.47, +6.560, +8.905,+0.967
1677074400,+3.47, +6.590, +8.909,+0.967
1677075000,+3.46, +6.483, +8.624,+0.967
1677075600,+3.46, +6.269, +8.965,+0.967
1677076200,+3.46, +6.171, +9.010,+0.967
1677076800,+3.46, +6.142, +8.954,+0.967
1677077400,+3.46, +6.152, +8.952,+0.967
1677078000,+3.46, +6.181, +8.955,+0.967
1677078600,+3.46, +6.181, +8.970,+0.967
1677079200,+3.46, +6.171, +8.959,+0.967
1677079800,+3.46, +6.142, +8.931,+0.967
1677080400,+3.46, +6.142, +8.884,+0.967
1677081000,+3.46, +6.152, +8.909,+0.967
1677081600,+3.46, +6.132, +8.910,+0.967
1677082200,+3.46, +6.113, +8.955,+0.967
1677082800,+3.46, +6.162, +8.996,+0.967
1677083400,+3.46, +6.279, +9.327,+0.967
1677084000,+3.46, +6.376, +9.625,+0.967
1677084600,+3.46, +6.376, +9.620,+0.967
1677085200,+3.46, +6.386, +9.618,+0.967
1677085800,+3.46, +6.405, +9.693,+0.967
1677086400,+3.46, +6.434, +9.756,+0.967
1677087000,+3.46, +6.415, +9.627,+0.967
1677087600,+3.46, +6.308, +9.272,+0.967
1677088200,+3.46, +6.191, +9.019,+0.967
1677088800,+3.46, +6.162, +9.079,+0.967
1677089400,+3.46, +6.132, +9.173,+0.967
1677090000,+3.46, +6.142, +9.156,+0.967
1677090600,+3.46, +6.142, +9.176,+0.967
1677091200,+3.46, +6.142, +9.152,+0.967
1677091800,+3.46, +6.171, +9.144,+0.967
1677092400,+3.46, +6.201, +9.155,+0.967
1677093000,+3.46, +6.259, +9.126,+0.967
1677093600,+3.46, +6.288, +9.151,+0.967
1677094200,+3.46, +6.240, +9.060,+0.967
1677094800,+3.46, +6.230, +9.048,+0.967
1677095400,+3.46, +6.210, +9.045,+0.967
1677096000,+3.46, +6.230, +9.062,+0.967
1677096600,+3.46, +6.210, +9.055,+0.967
1677097200,+3.46, +6.191, +9.136,+0.967
1677097800,+3.46, +6.210, +9.181,+0.967
1677098400,+3.46, +6.162, +9.170,+0.967
1677099000,+3.46, +6.220, +9.191,+0.967
1677099600,+3.46, +6.279, +9.217,+0.967
1677100200,+3.46, +6.327, +9.306,+0.967
1677100800,+3.46, +6.376, +9.466,+0.967
1677101400,+3.46, +6.327, +9.176,+0.967
1677102000,+3.46, +6.327, +9.262,+0.967
1677102600,+3.46, +6.327, +9.159,+0.967
1677103200,+3.46, +6.337, +9.188,+0.967
1677103800,+3.46, +6.347, +9.346,+0.967
1677104400,+3.46, +6.376, +9.373,+0.967
1677105000,+3.46, +6.386, +9.485,+0.967
1677105600,+3.46, +6.337, +9.247,+0.967
1677106200,+3.46, +6.337, +9.075,+0.967
1677106800,+3.46, +6.337, +9.353,+0.967
1677107400,+3.46, +6.395, +9.444,+0.967
1677108000,+3.46, +6.386, +9.554,+0.967
1677108600,+3.46, +6.415, +9.557,+0.967
1677109200,+3.46, +6.444, +9.614,+0.967
1677109800,+3.46, +6.347, +9.395,+0.967
1677110400,+3.46, +6.327, +9.454,+0.967
1677111000,+3.46, +6.298, +9.391,+0.967
1677111600,+3.46, +6.318, +9.450,+0.967
1677112200,+3.46, +6.298, +9.423,+0.966
1677112800,+3.46, +6.279, +9.401,+0.967
1677113400,+3.46, +6.288, +9.312,+0.967
1677114000,+3.46, +6.298, +9.258,+0.967
1677114600,+3.46, +6.269, +9.168,+0.967
1677115200,+3.46, +6.279, +9.333,+0.967
1677115800,+3.46, +6.288, +9.416,+0.967
1677116400,+3.46, +6.308, +9.458,+0.967
1677117000,+3.46, +6.288, +9.486,+0.967
1677117600,+3.46, +6.308, +9.460,+0.967
1677118200,+3.46, +6.337, +9.470,+0.967
1677118800,+3.46, +6.318, +9.464,+0.967
1677119400,+3.46, +6.347, +9.479,+0.967
1677120000,+3.46, +6.308, +9.400,+0.967
1677120600,+3.46, +6.288, +9.366,+0.967
1677121200,+3.46, +6.347, +9.428,+0.967
1677121800,+3.46, +6.366, +9.506,+0.967
1677122400,+3.46, +6.395, +9.478,+0.967
1677123000,+3.46, +6.434, +9.601,+0.967
