7450-055639
OS REV: 1.05 Sensor Cal: 1624981093
Time (sec),  BV (Volts),  T (deg C),  DO (mg/l),  Q ()
1680342600,+3.47, +7.683,+10.744,+0.966
1680343200,+3.47, +7.702,+10.850,+0.967
1680343800,+3.47, +7.702,+10.554,+0.966
1680344400,+3.47, +7.702,+10.616,+0.966
1680345000,+3.47, +7.702,+10.993,+0.966
1680345600,+3.47, +7.702,+11.058,+0.966
1680346200,+3.47, +7.721, +9.379,+0.966
1680346800,+3.47, +7.712, +9.525,+0.966
1680347400,+3.47, +7.702, +9.953,+0.966
1680348000,+3.47, +7.702, +9.787,+0.966
1680348600,+3.47, +7.693, +9.886,+0.967
1680349200,+3.47, +7.693, +9.956,+0.966
1680349800,+3.47, +7.693,+10.186,+0.966
1680350400,+3.47, +7.702,+10.295,+0.966
1680351000,+3.47, +7.702,+10.169,+0.966
1680351600,+3.47, +7.721, +9.683,+0.966
1680352200,+3.47, +7.702, +9.416,+0.967
1680352800,+3.47, +7.721, +9.690,+0.966
1680353400,+3.47, +7.712,+10.173,+0.966
1680354000,+3.47, +7.731,+10.885,+0.966
1680354600,+3.47, +7.721,+10.974,+0.966
1680355200,+3.47, +7.702,+10.799,+0.966
1680355800,+3.47, +7.702,+10.867,+0.966
1680356400,+3.47, +7.693,+10.813,+0.966
1680357000,+3.47, +7.731,+10.745,+0.966
1680357600,+3.47, +7.712,+10.535,+0.966
1680358200,+3.47, +7.712,+10.325,+0.966
1680358800,+3.47, +7.702,+10.242,+0.966
1680359400,+3.47, +7.683,+10.163,+0.966
1680360000,+3.47, +7.712,+10.217,+0.966
1680360600,+3.47, +7.712,+10.406,+0.966
1680361200,+3.47, +7.740,+11.142,+0.966
1680361800,+3.47, +7.721,+11.041,+0.966
1680362400,+3.47, +7.721,+11.106,+0.967
1680363000,+3.47, +7.750,+10.974,+0.966
1680363600,+3.47, +7.721,+10.946,+0.966
1680364200,+3.47, +7.712,+10.839,+0.966
1680364800,+3.47, +7.712,+11.278,+0.966
1680365400,+3.47, +7.731,+11.384,+0.966
1680366000,+3.47, +7.731,+11.440,+0.966
1680366600,+3.47, +7.731,+11.488,+0.966
1680367200,+3.47, +7.740,+11.482,+0.966
1680367800,+3.47, +7.731,+11.371,+0.966
1680368400,+3.47, +7.731,+11.463,+0.966
1680369000,+3.47, +7.721,+11.650,+0.966
1680369600,+3.47, +7.759,+11.592,+0.966
1680370200,+3.47, +7.778,+11.545,+0.966
1680370800,+3.47, +7.778,+11.339,+0.966
1680371400,+3.47, +7.769,+11.365,+0.966
1680372000,+3.47, +7.778,+11.339,+0.966
1680372600,+3.47, +7.778,+11.504,+0.966
1680373200,+3.47, +7.778,+11.519,+0.966
1680373800,+3.47, +7.788,+11.555,+0.966
1680374400,+3.47, +7.778,+11.440,+0.966
1680375000,+3.47, +7.788,+11.204,+0.966
1680375600,+3.47, +7.769,+11.635,+0.966
1680376200,+3.47, +7.788,+11.442,+0.966
1680376800,+3.47, +7.778,+11.326,+0.966
1680377400,+3.47, +7.778,+11.524,+0.966
1680378000,+3.47, +7.778,+11.225,+0.966
1680378600,+3.47, +7.788,+11.429,+0.966
1680379200,+3.47, +7.797,+11.362,+0.966
1680379800,+3.47, +7.788,+11.504,+0.967
1680380400,+3.47, +7.769,+11.522,+0.966
1680381000,+3.47, +7.816,+11.289,+0.966
1680381600,+3.47, +7.759,+11.566,+0.966
1680382200,+3.47, +7.731,+11.414,+0.966
1680382800,+3.47, +7.721,+11.522,+0.966
1680383400,+3.47, +7.759,+11.648,+0.966
1680384000,+3.47, +7.759,+11.540,+0.966
1680384600,+3.47, +7.750,+11.608,+0.966
1680385200,+3.47, +7.750,+11.564,+0.966
1680385800,+3.47, +7.759,+11.514,+0.966
1680386400,+3.47, +7.750,+11.491,+0.966
1680387000,+3.47, +7.778,+11.485,+0.966
1680387600,+3.47, +7.750,+11.420,+0.966
1680388200,+3.47, +7.750,+11.527,+0.966
1680388800,+3.47, +7.731,+11.528,+0.966
1680389400,+3.47, +7.740,+11.495,+0.966
1680390000,+3.47, +7.750,+11.463,+0.966
1680390600,+3.47, +7.740,+11.422,+0.966
1680391200,+3.47, +7.740,+11.444,+0.965
1680391800,+3.47, +7.750,+11.488,+0.966
1680392400,+3.47, +7.750,+11.484,+0.966
1680393000,+3.47, +7.778,+11.696,+0.966
1680393600,+3.47, +7.797,+11.836,+0.966
1680394200,+3.47, +7.788,+11.778,+0.966
1680394800,+3.47, +7.750,+11.748,+0.966
1680395400,+3.47, +7.759,+11.610,+0.966
1680396000,+3.47, +7.769,+11.532,+0.966
1680396600,+3.47, +7.769,+11.587,+0.966
1680397200,+3.47, +7.759,+11.569,+0.966
1680397800,+3.47, +7.778,+11.582,+0.966
1680398400,+3.47, +7.769,+11.482,+0.965
1680399000,+3.47, +7.769,+11.477,+0.966
1680399600,+3.47, +7.788,+11.724,+0.966
1680400200,+3.47, +7.778,+11.851,+0.966
1680400800,+3.47, +7.788,+11.810,+0.966
1680401400,+3.47, +7.759,+11.815,+0.966
1680402000,+3.47, +7.740,+11.781,+0.966
1680402600,+3.47, +7.750,+11.600,+0.966
1680403200,+3.47, +7.740,+11.666,+0.966
1680403800,+3.47, +7.769,+11.574,+0.966
1680404400,+3.47, +7.759,+11.489,+0.966
1680405000,+3.47, +7.750,+11.501,+0.967
1680405600,+3.47, +7.740,+11.437,+0.966
1680406200,+3.47, +7.750,+11.405,+0.966
1680406800,+3.47, +7.769,+11.319,+0.966
1680407400,+3.47, +7.769,+11.494,+0.966
1680408000,+3.47, +7.750,+11.475,+0.965
1680408600,+3.47, +7.750,+11.597,+0.966
1680409200,+3.47, +7.759,+11.743,+0.966
1680409800,+3.47, +7.769,+11.624,+0.966
1680410400,+3.47, +7.778,+11.492,+0.966
1680411000,+3.47, +7.788,+11.582,+0.966
1680411600,+3.47, +7.807,+11.439,+0.966
1680412200,+3.47, +7.816,+11.206,+0.966
1680412800,+3.47, +7.835,+11.216,+0.966
1680413400,+3.47, +7.807,+11.435,+0.966
1680414000,+3.47, +7.807,+11.430,+0.967
1680414600,+3.47, +7.835,+11.441,+0.966
1680415200,+3.47, +7.807,+11.569,+0.966
1680415800,+3.47, +7.807,+11.722,+0.966
1680416400,+3.47, +7.778,+11.723,+0.966
1680417000,+3.47, +7.778,+11.710,+0.966
1680417600,+3.47, +7.797,+11.688,+0.966
1680418200,+3.47, +7.759,+11.638,+0.966
1680418800,+3.47, +7.778,+11.619,+0.966
1680419400,+3.47, +7.778,+11.522,+0.966
1680420000,+3.47, +7.769,+11.520,+0.966
1680420600,+3.47, +7.788,+11.656,+0.966
1680421200,+3.47, +7.797,+11.668,+0.966
1680421800,+3.47, +7.788,+11.809,+0.966
1680422400,+3.47, +7.807,+11.705,+0.966
1680423000,+3.47, +7.788,+11.595,+0.966
1680423600,+3.47, +7.788,+11.456,+0.966
1680424200,+3.47, +7.788,+11.593,+0.966
1680424800,+3.47, +7.788,+11.691,+0.966
1680425400,+3.47, +7.797,+11.800,+0.966
1680426000,+3.47, +7.807,+11.767,+0.966
1680426600,+3.47, +7.816,+11.696,+0.966
1680427200,+3.47, +7.788,+11.583,+0.966
1680427800,+3.47, +7.788,+11.664,+0.966
1680428400,+3.47, +7.788,+11.691,+0.966
1680429000,+3.47, +7.797,+11.722,+0.966
