7450-055639
OS REV: 1.05 Sensor Cal: 1624981093
Time (sec),  BV (Volts),  T (deg C),  DO (mg/l),  Q ()
1680429600,+3.47, +7.788,+11.803,+0.966
1680430200,+3.47, +7.778,+11.788,+0.966
1680430800,+3.47, +7.769,+11.702,+0.966
1680431400,+3.47, +7.778,+11.692,+0.966
1680432000,+3.47, +7.750,+11.778,+0.966
1680432600,+3.47, +7.788,+11.691,+0.966
1680433200,+3.47, +7.788,+11.710,+0.966
1680433800,+3.47, +7.769,+11.843,+0.966
1680434400,+3.47, +7.797,+11.710,+0.966
1680435000,+3.47, +7.778,+11.649,+0.966
1680435600,+3.47, +7.769,+11.679,+0.966
1680436200,+3.47, +7.778,+11.602,+0.966
1680436800,+3.47, +7.788,+11.782,+0.966
1680437400,+3.47, +7.778,+11.644,+0.966
1680438000,+3.47, +7.788,+11.434,+0.966
1680438600,+3.47, +7.788,+11.392,+0.966
1680439200,+3.47, +7.759,+11.369,+0.966
1680439800,+3.47, +7.797,+11.291,+0.966
1680440400,+3.47, +7.778,+11.457,+0.966
1680441000,+3.47, +7.797,+11.361,+0.966
1680441600,+3.47, +7.807,+11.228,+0.966
1680442200,+3.47, +7.826,+11.293,+0.967
1680442800,+3.47, +7.835,+11.360,+0.966
1680443400,+3.47, +7.854,+11.353,+0.966
1680444000,+3.47, +7.845,+11.380,+0.966
1680444600,+3.47, +7.873,+11.353,+0.966
1680445200,+3.47, +7.873,+11.340,+0.966
1680445800,+3.47, +7.883,+11.350,+0.966
1680446400,+3.47, +7.864,+11.265,+0.966
1680447000,+3.47, +7.873,+11.257,+0.966
1680447600,+3.47, +7.864,+11.192,+0.966
1680448200,+3.47, +7.826,+11.354,+0.966
1680448800,+3.47, +7.826,+11.489,+0.966
1680449400,+3.47, +7.816,+11.593,+0.966
1680450000,+3.47, +7.826,+11.631,+0.966
1680450600,+3.47, +7.826,+11.635,+0.966
1680451200,+3.47, +7.816,+11.732,+0.966
1680451800,+3.47, +7.788,+11.722,+0.966
1680452400,+3.47, +7.797,+11.671,+0.966
1680453000,+3.47, +7.797,+11.631,+0.966
1680453600,+3.47, +7.788,+11.682,+0.966
1680454200,+3.47, +7.797,+11.578,+0.966
1680454800,+3.47, +7.807,+11.670,+0.966
1680455400,+3.47, +7.826,+11.637,+0.966
1680456000,+3.47, +7.816,+11.539,+0.966
1680456600,+3.47, +7.816,+11.559,+0.966
1680457200,+3.47, +7.807,+11.697,+0.966
1680457800,+3.47, +7.826,+11.655,+0.966
1680458400,+3.47, +7.807,+11.616,+0.966
1680459000,+3.47, +7.807,+11.663,+0.966
1680459600,+3.47, +7.816,+11.619,+0.966
1680460200,+3.47, +7.807,+11.663,+0.966
1680460800,+3.47, +7.807,+11.768,+0.966
1680461400,+3.47, +7.835,+11.791,+0.966
1680462000,+3.47, +7.807,+11.734,+0.966
1680462600,+3.47, +7.816,+11.742,+0.966
1680463200,+3.47, +7.826,+11.638,+0.966
1680463800,+3.47, +7.797,+11.718,+0.966
1680464400,+3.47, +7.816,+11.548,+0.966
1680465000,+3.47, +7.807,+11.669,+0.966
1680465600,+3.47, +7.807,+11.550,+0.966
1680466200,+3.47, +7.797,+11.596,+0.966
1680466800,+3.47, +7.807,+11.407,+0.966
1680467400,+3.47, +7.816,+11.497,+0.966
1680468000,+3.47, +7.807,+11.477,+0.966
1680468600,+3.47, +7.807,+11.606,+0.966
1680469200,+3.47, +7.807,+11.614,+0.966
1680469800,+3.47, +7.816,+11.561,+0.966
1680470400,+3.47, +7.816,+11.585,+0.966
1680471000,+3.47, +7.835,+11.502,+0.965
1680471600,+3.47, +7.826,+11.299,+0.966
1680472200,+3.47, +7.835,+11.379,+0.966
1680472800,+3.47, +7.835,+11.260,+0.966
1680473400,+3.47, +7.807,+11.153,+0.966
1680474000,+3.47, +7.797,+11.084,+0.966
1680474600,+3.47, +7.826,+10.931,+0.966
1680475200,+3.47, +7.826,+10.854,+0.966
1680475800,+3.47, +7.826,+10.787,+0.966
1680476400,+3.47, +7.797,+10.784,+0.966
1680477000,+3.47, +7.807,+10.877,+0.966
1680477600,+3.47, +7.807,+10.948,+0.966
1680478200,+3.47, +7.816,+10.985,+0.966
1680478800,+3.47, +7.797,+10.950,+0.966
1680479400,+3.47, +7.797,+10.739,+0.966
1680480000,+3.47, +7.826,+10.650,+0.965
1680480600,+3.47, +7.788,+10.572,+0.966
1680481200,+3.47, +7.807,+10.506,+0.966
1680481800,+3.47, +7.826,+10.385,+0.966
1680482400,+3.47, +7.797,+10.419,+0.966
1680483000,+3.47, +7.807,+10.402,+0.966
1680483600,+3.47, +7.826,+10.353,+0.966
1680484200,+3.47, +7.797,+10.324,+0.966
1680484800,+3.47, +7.807,+10.334,+0.966
1680485400,+3.47, +7.826,+10.371,+0.966
1680486000,+3.47, +7.788,+10.430,+0.966
1680486600,+3.47, +7.807,+10.439,+0.966
1680487200,+3.47, +7.807,+10.587,+0.966
1680487800,+3.47, +7.816,+10.588,+0.966
1680488400,+3.47, +7.797,+10.526,+0.966
1680489000,+3.47, +7.816,+10.603,+0.966
1680489600,+3.47, +7.816,+10.708,+0.966
1680490200,+3.47, +7.826,+10.744,+0.966
1680490800,+3.47, +7.826,+10.772,+0.966
1680491400,+3.47, +7.816,+10.890,+0.966
1680492000,+3.47, +7.816,+10.933,+0.966
1680492600,+3.47, +7.816,+10.988,+0.966
1680493200,+3.47, +7.826,+10.980,+0.966
1680493800,+3.47, +7.816,+10.933,+0.966
1680494400,+3.47, +7.835,+10.910,+0.966
1680495000,+3.47, +7.826,+10.713,+0.966
1680495600,+3.47, +7.835,+10.632,+0.966
1680496200,+3.47, +7.816,+10.663,+0.966
1680496800,+3.47, +7.816,+10.419,+0.966
1680497400,+3.47, +7.835,+10.299,+0.966
1680498000,+3.47, +7.835,+10.430,+0.966
1680498600,+3.47, +7.835,+10.556,+0.966
1680499200,+3.47, +7.826,+10.743,+0.966
1680499800,+3.47, +7.845,+10.847,+0.966
1680500400,+3.47, +7.845,+10.827,+0.966
1680501000,+3.47, +7.845,+10.846,+0.966
1680501600,+3.47, +7.816,+10.862,+0.966
1680502200,+3.47, +7.835,+10.818,+0.966
1680502800,+3.47, +7.835,+10.775,+0.966
1680503400,+3.47, +7.826,+10.805,+0.966
1680504000,+3.47, +7.845,+10.874,+0.966
1680504600,+3.47, +7.835,+10.848,+0.966
1680505200,+3.47, +7.816,+10.595,+0.966
1680505800,+3.47, +7.835,+10.331,+0.966
1680506400,+3.47, +7.816,+10.116,+0.966
1680507000,+3.47, +7.826,+10.176,+0.966
1680507600,+3.47, +7.826,+10.250,+0.966
1680508200,+3.47, +7.835,+10.196,+0.966
1680508800,+3.47, +7.845, +9.940,+0.967
1680509400,+3.47, +7.826, +9.870,+0.966
1680510000,+3.47, +7.835, +9.768,+0.967
1680510600,+3.47, +7.835, +9.849,+0.966
1680511200,+3.47, +7.816, +9.879,+0.966
1680511800,+3.47, +7.826,+10.037,+0.966
1680512400,+3.47, +7.835, +9.872,+0.966
1680513000,+3.47, +7.835, +9.689,+0.966
1680513600,+3.47, +7.835, +9.725,+0.966
1680514200,+3.47, +7.816, +9.976,+0.966
1680514800,+3.47, +7.835,+10.095,+0.966
1680515400,+3.47, +7.807,+10.175,+0.966
1680516000,+3.47, +7.826,+10.039,+0.967
