7450-055639
OS REV: 1.05 Sensor Cal: 1624981093
Time (sec),  BV (Volts),  T (deg C),  DO (mg/l),  Q ()
1677645600,+3.47, +6.686, +7.192,+0.968
1677646200,+3.47, +6.677, +7.260,+0.968
1677646800,+3.47, +6.696, +7.574,+0.968
1677647400,+3.47, +6.715, +7.675,+0.968
1677648000,+3.47, +6.754, +7.595,+0.968
1677648600,+3.47, +6.706, +7.366,+0.968
1677649200,+3.47, +6.560, +7.151,+0.968
1677649800,+3.47, +6.522, +7.226,+0.968
1677650400,+3.47, +6.512, +7.135,+0.968
1677651000,+3.47, +6.560, +7.275,+0.968
1677651600,+3.47, +6.531, +7.135,+0.968
1677652200,+3.47, +6.580, +7.179,+0.968
1677652800,+3.47, +6.570, +7.272,+0.968
1677653400,+3.47, +6.628, +7.279,+0.969
1677654000,+3.47, +6.628, +7.594,+0.968
1677654600,+3.47, +6.686, +7.489,+0.968
1677655200,+3.47, +6.657, +7.416,+0.968
1677655800,+3.47, +6.657, +7.437,+0.968
1677656400,+3.47, +6.638, +7.548,+0.968
1677657000,+3.47, +6.638, +7.681,+0.968
1677657600,+3.47, +6.657, +7.736,+0.968
1677658200,+3.47, +6.667, +7.654,+0.968
1677658800,+3.47, +6.657, +7.615,+0.968
1677659400,+3.47, +6.667, +7.624,+0.968
1677660000,+3.47, +6.686, +7.688,+0.968
1677660600,+3.47, +6.686, +7.666,+0.968
1677661200,+3.47, +6.754, +7.916,+0.968
1677661800,+3.47, +6.735, +7.785,+0.968
1677662400,+3.47, +6.764, +7.819,+0.968
1677663000,+3.47, +6.802, +7.941,+0.968
1677663600,+3.47, +6.841, +8.158,+0.967
1677664200,+3.47, +6.879, +8.190,+0.968
1677664800,+3.47, +6.908, +8.236,+0.968
1677665400,+3.47, +6.928, +8.291,+0.968
1677666000,+3.47, +6.957, +8.438,+0.968
1677666600,+3.47, +6.995, +8.495,+0.967
1677667200,+3.47, +7.005, +8.498,+0.967
1677667800,+3.47, +7.062, +8.548,+0.967
1677668400,+3.46, +7.101, +8.568,+0.967
1677669000,+3.47, +7.082, +8.441,+0.967
1677669600,+3.47, +6.985, +8.283,+0.968
1677670200,+3.47, +6.966, +8.364,+0.967
1677670800,+3.47, +7.005, +8.392,+0.968
1677671400,+3.47, +6.995, +8.267,+0.968
1677672000,+3.47, +7.005, +8.220,+0.968
1677672600,+3.47, +6.985, +8.219,+0.967
1677673200,+3.47, +7.005, +8.307,+0.968
1677673800,+3.47, +7.043, +8.371,+0.968
1677674400,+3.47, +7.053, +8.394,+0.968
1677675000,+3.47, +7.043, +8.340,+0.967
1677675600,+3.47, +7.062, +8.356,+0.968
1677676200,+3.47, +7.101, +8.328,+0.967
1677676800,+3.46, +7.139, +8.428,+0.968
1677677400,+3.47, +7.024, +8.105,+0.968
1677678000,+3.47, +6.937, +7.852,+0.968
1677678600,+3.47, +6.899, +7.715,+0.968
1677679200,+3.47, +6.851, +7.644,+0.968
1677679800,+3.47, +6.831, +7.527,+0.968
1677680400,+3.47, +6.802, +7.473,+0.968
1677681000,+3.47, +6.783, +7.436,+0.968
1677681600,+3.47, +6.764, +7.613,+0.968
1677682200,+3.47, +6.783, +7.626,+0.968
1677682800,+3.47, +6.802, +7.718,+0.968
1677683400,+3.47, +6.831, +7.832,+0.968
1677684000,+3.47, +6.831, +7.450,+0.968
1677684600,+3.47, +6.822, +7.196,+0.969
1677685200,+3.47, +6.793, +7.097,+0.968
1677685800,+3.47, +6.793, +7.038,+0.969
1677686400,+3.47, +6.773, +7.099,+0.969
1677687000,+3.47, +6.744, +7.224,+0.968
1677687600,+3.47, +6.764, +7.231,+0.968
1677688200,+3.47, +6.783, +7.106,+0.968
1677688800,+3.47, +6.754, +7.217,+0.968
1677689400,+3.47, +6.686, +7.349,+0.968
1677690000,+3.47, +6.667, +7.382,+0.968
1677690600,+3.47, +6.657, +7.406,+0.968
1677691200,+3.47, +6.677, +7.442,+0.968
1677691800,+3.47, +6.638, +7.481,+0.968
1677692400,+3.47, +6.657, +7.569,+0.968
1677693000,+3.47, +6.696, +7.481,+0.968
1677693600,+3.47, +6.686, +7.410,+0.968
1677694200,+3.47, +6.677, +7.464,+0.968
1677694800,+3.47, +6.706, +7.526,+0.968
1677695400,+3.47, +6.706, +7.439,+0.968
1677696000,+3.47, +6.725, +7.470,+0.968
1677696600,+3.47, +6.783, +7.698,+0.968
1677697200,+3.47, +6.822, +7.801,+0.968
1677697800,+3.47, +6.899, +7.869,+0.968
1677698400,+3.47, +6.937, +8.003,+0.968
1677699000,+3.47, +7.033, +8.084,+0.967
1677699600,+3.47, +7.043, +8.058,+0.968
1677700200,+3.47, +6.985, +7.541,+0.968
1677700800,+3.47, +6.937, +7.322,+0.968
1677701400,+3.47, +6.908, +7.014,+0.968
1677702000,+3.47, +6.879, +7.531,+0.968
1677702600,+3.47, +6.870, +7.488,+0.968
1677703200,+3.47, +6.851, +7.538,+0.968
1677703800,+3.47, +6.851, +7.670,+0.968
1677704400,+3.47, +6.870, +7.763,+0.968
1677705000,+3.47, +6.870, +7.589,+0.968
1677705600,+3.47, +6.899, +7.459,+0.968
1677706200,+3.47, +6.860, +7.418,+0.968
1677706800,+3.47, +6.889, +7.337,+0.968
1677707400,+3.47, +6.822, +7.257,+0.968
1677708000,+3.47, +6.831, +7.447,+0.968
1677708600,+3.47, +6.812, +7.596,+0.968
1677709200,+3.47, +6.812, +7.600,+0.968
1677709800,+3.47, +6.870, +7.522,+0.968
1677710400,+3.47, +6.870, +7.430,+0.968
1677711000,+3.47, +6.860, +7.362,+0.968
1677711600,+3.47, +6.870, +7.362,+0.968
1677712200,+3.47, +6.860, +7.350,+0.968
1677712800,+3.47, +6.860, +7.411,+0.968
1677713400,+3.47, +6.870, +7.381,+0.968
1677714000,+3.47, +6.851, +7.239,+0.968
1677714600,+3.47, +6.870, +7.246,+0.968
1677715200,+3.47, +6.899, +7.350,+0.968
1677715800,+3.47, +6.908, +7.329,+0.968
1677716400,+3.47, +6.899, +7.321,+0.968
1677717000,+3.47, +6.908, +7.269,+0.968
1677717600,+3.47, +6.899, +7.189,+0.968
1677718200,+3.47, +6.908, +7.159,+0.969
1677718800,+3.47, +6.928, +7.352,+0.968
1677719400,+3.47, +6.947, +7.837,+0.968
1677720000,+3.47, +6.947, +7.936,+0.968
1677720600,+3.47, +6.947, +8.081,+0.968
1677721200,+3.47, +6.976, +7.947,+0.968
1677721800,+3.47, +6.966, +7.578,+0.968
1677722400,+3.47, +6.947, +7.265,+0.968
1677723000,+3.47, +6.957, +7.429,+0.968
1677723600,+3.47, +6.976, +7.469,+0.968
1677724200,+3.47, +6.985, +7.491,+0.968
1677724800,+3.47, +6.985, +7.658,+0.968
1677725400,+3.47, +7.053, +8.027,+0.968
1677726000,+3.47, +7.139, +8.283,+0.968
1677726600,+3.47, +7.158, +8.460,+0.967
1677727200,+3.47, +7.197, +8.530,+0.967
1677727800,+3.47, +7.206, +8.639,+0.967
1677728400,+3.46, +7.225, +8.686,+0.967
1677729000,+3.46, +7.254, +8.643,+0.967
1677729600,+3.46, +7.245, +8.635,+0.968
1677730200,+3.47, +7.254, +8.605,+0.967
1677730800,+3.47, +7.235, +8.554,+0.967
1677731400,+3.47, +7.158, +7.910,+0.968
1677732000,+3.47, +7.014, +7.340,+0.968
