7450-055639
OS REV: 1.05 Sensor Cal: 1624981093
Time (sec),  BV (Volts),  T (deg C),  DO (mg/l),  Q ()
1679994600,+3.47, +7.445,+11.522,+0.966
1679995200,+3.46, +7.474,+11.598,+0.967
1679995800,+3.46, +7.464,+11.592,+0.966
1679996400,+3.46, +7.455,+11.592,+0.966
1679997000,+3.47, +7.474,+11.579,+0.966
1679997600,+3.47, +7.455,+11.578,+0.967
1679998200,+3.47, +7.483,+11.552,+0.966
1679998800,+3.47, +7.483,+11.669,+0.966
1679999400,+3.47, +7.493,+11.635,+0.966
1680000000,+3.47, +7.483,+11.616,+0.967
1680000600,+3.47, +7.493,+11.606,+0.966
1680001200,+3.46, +7.464,+11.614,+0.966
1680001800,+3.47, +7.464,+11.548,+0.966
1680002400,+3.47, +7.464,+11.584,+0.966
1680003000,+3.47, +7.464,+11.474,+0.966
1680003600,+3.47, +7.455,+11.493,+0.966
1680004200,+3.47, +7.445,+11.418,+0.966
1680004800,+3.47, +7.455,+11.401,+0.966
1680005400,+3.47, +7.445,+11.352,+0.966
1680006000,+3.47, +7.436,+11.310,+0.966
1680006600,+3.47, +7.445,+11.307,+0.966
1680007200,+3.47, +7.464,+11.597,+0.966
1680007800,+3.46, +7.474,+11.576,+0.966
1680008400,+3.47, +7.522,+11.341,+0.966
1680009000,+3.47, +7.503,+11.196,+0.966
1680009600,+3.47, +7.560,+11.288,+0.966
1680010200,+3.47, +7.550,+11.381,+0.966
1680010800,+3.47, +7.541,+11.409,+0.966
1680011400,+3.47, +7.503,+11.389,+0.966
1680012000,+3.47, +7.522,+11.314,+0.966
1680012600,+3.46, +7.531,+11.224,+0.967
1680013200,+3.46, +7.522,+11.187,+0.966
1680013800,+3.47, +7.512,+10.990,+0.966
1680014400,+3.47, +7.531,+10.958,+0.966
1680015000,+3.47, +7.541,+10.772,+0.966
1680015600,+3.47, +7.531,+10.813,+0.966
1680016200,+3.47, +7.531,+10.817,+0.966
1680016800,+3.47, +7.512,+10.863,+0.966
1680017400,+3.46, +7.522,+10.746,+0.966
1680018000,+3.46, +7.493,+11.052,+0.966
1680018600,+3.47, +7.483,+11.009,+0.966
1680019200,+3.47, +7.493,+10.956,+0.966
1680019800,+3.47, +7.483,+11.164,+0.966
1680020400,+3.47, +7.512,+11.093,+0.966
1680021000,+3.47, +7.503,+11.046,+0.966
1680021600,+3.47, +7.483,+11.323,+0.966
1680022200,+3.47, +7.522,+11.206,+0.966
1680022800,+3.47, +7.503,+10.992,+0.966
1680023400,+3.47, +7.493,+11.259,+0.966
1680024000,+3.47, +7.503,+11.221,+0.966
1680024600,+3.47, +7.503,+11.451,+0.966
1680025200,+3.47, +7.503,+11.487,+0.966
1680025800,+3.46, +7.503,+11.342,+0.966
1680026400,+3.47, +7.493,+11.261,+0.966
1680027000,+3.47, +7.503,+11.197,+0.966
1680027600,+3.46, +7.474,+11.151,+0.966
1680028200,+3.47, +7.493,+11.272,+0.966
1680028800,+3.46, +7.493,+11.268,+0.966
1680029400,+3.46, +7.464,+11.473,+0.966
1680030000,+3.46, +7.483,+11.496,+0.966
1680030600,+3.47, +7.464,+11.471,+0.966
1680031200,+3.47, +7.464,+11.464,+0.966
1680031800,+3.47, +7.493,+11.422,+0.966
1680032400,+3.47, +7.503,+11.301,+0.966
1680033000,+3.47, +7.503,+11.196,+0.966
1680033600,+3.47, +7.493,+11.251,+0.966
1680034200,+3.47, +7.503,+11.295,+0.966
1680034800,+3.47, +7.503,+11.301,+0.966
1680035400,+3.47, +7.503,+11.374,+0.966
1680036000,+3.47, +7.464,+11.269,+0.966
1680036600,+3.47, +7.474,+11.363,+0.966
1680037200,+3.47, +7.503,+11.222,+0.966
1680037800,+3.47, +7.493,+11.104,+0.967
1680038400,+3.47, +7.493,+11.006,+0.966
1680039000,+3.47, +7.483,+10.955,+0.966
1680039600,+3.47, +7.464,+11.211,+0.966
1680040200,+3.47, +7.474,+11.243,+0.965
1680040800,+3.47, +7.474,+11.264,+0.966
1680041400,+3.47, +7.483,+11.304,+0.966
1680042000,+3.47, +7.474,+11.302,+0.966
1680042600,+3.47, +7.503,+11.343,+0.966
1680043200,+3.47, +7.474,+11.434,+0.966
1680043800,+3.47, +7.483,+11.296,+0.966
1680044400,+3.47, +7.512,+11.211,+0.966
1680045000,+3.47, +7.493,+11.058,+0.966
1680045600,+3.47, +7.503,+10.839,+0.966
1680046200,+3.47, +7.493,+10.804,+0.966
1680046800,+3.47, +7.503,+10.763,+0.966
1680047400,+3.47, +7.503,+10.698,+0.966
1680048000,+3.47, +7.503,+10.736,+0.966
1680048600,+3.47, +7.493,+10.800,+0.966
1680049200,+3.47, +7.483,+10.909,+0.966
1680049800,+3.47, +7.483,+11.015,+0.966
1680050400,+3.47, +7.503,+11.018,+0.966
1680051000,+3.47, +7.483,+11.027,+0.966
1680051600,+3.46, +7.503,+10.975,+0.966
1680052200,+3.47, +7.493,+10.907,+0.966
1680052800,+3.47, +7.483,+10.843,+0.966
1680053400,+3.47, +7.493,+10.693,+0.966
1680054000,+3.47, +7.512,+10.689,+0.966
1680054600,+3.47, +7.503,+10.899,+0.966
1680055200,+3.47, +7.483,+11.297,+0.966
1680055800,+3.47, +7.493,+11.331,+0.967
1680056400,+3.47, +7.493,+11.456,+0.966
1680057000,+3.47, +7.493,+11.536,+0.967
1680057600,+3.47, +7.483,+11.704,+0.966
1680058200,+3.47, +7.503,+11.632,+0.966
1680058800,+3.47, +7.503,+11.564,+0.966
1680059400,+3.47, +7.503,+11.527,+0.966
1680060000,+3.47, +7.522,+11.628,+0.966
1680060600,+3.47, +7.493,+11.522,+0.966
1680061200,+3.47, +7.512,+11.621,+0.966
1680061800,+3.47, +7.522,+11.546,+0.966
1680062400,+3.47, +7.503,+11.295,+0.966
1680063000,+3.47, +7.503,+11.351,+0.966
1680063600,+3.47, +7.493,+11.241,+0.966
1680064200,+3.47, +7.503,+11.289,+0.966
1680064800,+3.47, +7.512,+11.296,+0.966
1680065400,+3.47, +7.493,+11.351,+0.966
1680066000,+3.47, +7.512,+11.387,+0.966
1680066600,+3.47, +7.522,+11.233,+0.966
1680067200,+3.47, +7.522,+11.286,+0.966
1680067800,+3.47, +7.512,+11.430,+0.966
1680068400,+3.47, +7.522,+11.450,+0.966
1680069000,+3.47, +7.522,+11.298,+0.966
1680069600,+3.47, +7.512,+11.208,+0.966
1680070200,+3.47, +7.512,+11.209,+0.966
1680070800,+3.47, +7.512,+11.463,+0.966
1680071400,+3.47, +7.522,+11.329,+0.966
1680072000,+3.47, +7.541,+11.051,+0.966
1680072600,+3.47, +7.531,+10.989,+0.966
1680073200,+3.47, +7.541,+10.867,+0.966
1680073800,+3.47, +7.560,+10.837,+0.966
1680074400,+3.47, +7.626,+10.759,+0.966
1680075000,+3.47, +7.607,+10.651,+0.966
1680075600,+3.47, +7.626,+10.590,+0.966
1680076200,+3.47, +7.626,+10.662,+0.966
1680076800,+3.47, +7.588,+10.806,+0.966
1680077400,+3.47, +7.598,+10.941,+0.966
1680078000,+3.47, +7.579,+10.899,+0.966
1680078600,+3.47, +7.541,+11.076,+0.966
1680079200,+3.47, +7.541,+11.135,+0.966
1680079800,+3.47, +7.550,+11.043,+0.966
1680080400,+3.47, +7.531,+10.938,+0.966
1680081000,+3.47, +7.503,+10.845,+0.966
