7450-055639
OS REV: 1.05 Sensor Cal: 1624981093
Time (sec),  BV (Volts),  T (deg C),  DO (mg/l),  Q ()
1702315440,+3.49, +6.899,+10.338,+0.953
1702316040,+3.49, +6.995,+10.447,+0.953
1702316640,+3.49, +7.024,+10.445,+0.953
1702317240,+3.49, +7.033,+10.444,+0.953
1702317840,+3.49, +7.033,+10.456,+0.953
1702318440,+3.49, +7.053,+10.460,+0.952
1702319040,+3.49, +7.014,+10.569,+0.953
1702319640,+3.49, +6.966,+10.581,+0.953
1702320240,+3.49, +6.966,+10.574,+0.953
1702320840,+3.49, +6.947,+10.579,+0.952
1702321440,+3.49, +6.957,+10.573,+0.952
1702322040,+3.49, +6.918,+10.620,+0.953
1702322640,+3.49, +6.947,+10.605,+0.953
1702323240,+3.49, +6.995,+10.545,+0.953
1702323840,+3.49, +6.995,+10.470,+0.953
1702324440,+3.49, +6.985,+10.276,+0.953
1702325040,+3.49, +6.966,+10.245,+0.953
1702325640,+3.49, +6.976,+10.513,+0.953
1702326240,+3.49, +6.976,+10.504,+0.953
1702326840,+3.49, +6.947,+10.638,+0.953
1702327440,+3.49, +6.966,+10.615,+0.953
1702328040,+3.49, +6.937,+10.612,+0.952
1702328640,+3.49, +6.937,+10.644,+0.953
1702329240,+3.49, +6.957,+10.639,+0.953
1702329840,+3.49, +6.966,+10.642,+0.953
1702330440,+3.49, +6.966,+10.637,+0.953
1702331040,+3.49, +6.957,+10.623,+0.953
1702331640,+3.49, +6.947,+10.621,+0.953
1702332240,+3.49, +6.947,+10.564,+0.952
1702332840,+3.49, +6.937,+10.551,+0.953
1702333440,+3.49, +6.908,+10.587,+0.953
1702334040,+3.49, +6.918,+10.576,+0.953
1702334640,+3.49, +6.908,+10.567,+0.953
1702335240,+3.49, +6.918,+10.553,+0.953
1702335840,+3.49, +6.928,+10.545,+0.953
1702336440,+3.49, +6.908,+10.548,+0.953
1702337040,+3.49, +6.918,+10.541,+0.953
1702337640,+3.49, +6.937,+10.535,+0.953
1702338240,+3.49, +6.918,+10.533,+0.953
1702338840,+3.49, +6.918,+10.531,+0.953
1702339440,+3.49, +6.918,+10.522,+0.953
1702340040,+3.49, +6.908,+10.517,+0.953
1702340640,+3.49, +6.889,+10.514,+0.953
1702341240,+3.49, +6.908,+10.499,+0.953
1702341840,+3.49, +6.908,+10.503,+0.953
1702342440,+3.49, +6.899,+10.485,+0.952
1702343040,+3.49, +6.879,+10.486,+0.952
1702343640,+3.49, +6.860,+10.509,+0.953
1702344240,+3.49, +6.860,+10.488,+0.953
1702344840,+3.49, +6.841,+10.459,+0.952
1702345440,+3.49, +6.851,+10.486,+0.953
1702346040,+3.49, +6.831,+10.457,+0.953
1702346640,+3.49, +6.802,+10.491,+0.953
1702347240,+3.49, +6.802,+10.491,+0.952
1702347840,+3.49, +6.793,+10.480,+0.953
1702348440,+3.49, +6.793,+10.495,+0.953
1702349040,+3.49, +6.764,+10.476,+0.952
1702349640,+3.49, +6.754,+10.467,+0.953
1702350240,+3.49, +6.773,+10.473,+0.953
1702350840,+3.49, +6.793,+10.459,+0.953
1702351440,+3.49, +6.783,+10.456,+0.952
1702352040,+3.49, +6.764,+10.463,+0.953
1702352640,+3.49, +6.735,+10.480,+0.953
1702353240,+3.49, +6.744,+10.462,+0.953
1702353840,+3.49, +6.735,+10.462,+0.953
1702354440,+3.49, +6.725,+10.475,+0.953
1702355040,+3.49, +6.735,+10.447,+0.953
1702355640,+3.49, +6.715,+10.452,+0.953
1702356240,+3.49, +6.715,+10.432,+0.952
1702356840,+3.49, +6.715,+10.442,+0.953
1702357440,+3.49, +6.715,+10.433,+0.953
1702358040,+3.49, +6.715,+10.434,+0.953
1702358640,+3.49, +6.744,+10.419,+0.953
1702359240,+3.49, +6.715,+10.427,+0.953
1702359840,+3.49, +6.677,+10.429,+0.953
1702360440,+3.49, +6.696,+10.412,+0.953
1702361040,+3.49, +6.706,+10.409,+0.953
1702361640,+3.49, +6.725,+10.399,+0.953
1702362240,+3.49, +6.706,+10.406,+0.953
1702362840,+3.49, +6.696,+10.404,+0.953
1702363440,+3.49, +6.638,+10.406,+0.953
1702364040,+3.49, +6.638,+10.415,+0.953
1702364640,+3.49, +6.648,+10.409,+0.953
1702365240,+3.49, +6.657,+10.399,+0.953
1702365840,+3.49, +6.648,+10.397,+0.953
1702366440,+3.49, +6.677,+10.374,+0.953
1702367040,+3.49, +6.657,+10.377,+0.953
1702367640,+3.49, +6.648,+10.381,+0.953
1702368240,+3.49, +6.657,+10.377,+0.953
1702368840,+3.48, +6.638,+10.369,+0.952
1702369440,+3.49, +6.638,+10.366,+0.953
1702370040,+3.48, +6.657,+10.365,+0.953
1702370640,+3.48, +6.628,+10.373,+0.953
1702371240,+3.48, +6.609,+10.373,+0.953
1702371840,+3.48, +6.619,+10.358,+0.953
1702372440,+3.48, +6.628,+10.355,+0.953
1702373040,+3.48, +6.638,+10.331,+0.952
1702373640,+3.48, +6.619,+10.338,+0.953
1702374240,+3.48, +6.609,+10.326,+0.952
1702374840,+3.48, +6.609,+10.327,+0.953
1702375440,+3.48, +6.599,+10.326,+0.953
1702376040,+3.48, +6.580,+10.338,+0.953
1702376640,+3.48, +6.590,+10.321,+0.953
1702377240,+3.48, +6.560,+10.328,+0.953
1702377840,+3.48, +6.493,+10.347,+0.953
1702378440,+3.48, +6.522,+10.339,+0.953
1702379040,+3.48, +6.493,+10.336,+0.953
1702379640,+3.48, +6.434,+10.344,+0.953
1702380240,+3.48, +6.434,+10.368,+0.953
1702380840,+3.48, +6.454,+10.344,+0.952
1702381440,+3.48, +6.444,+10.357,+0.953
1702382040,+3.48, +6.434,+10.352,+0.953
1702382640,+3.48, +6.425,+10.341,+0.952
1702383240,+3.48, +6.434,+10.339,+0.953
1702383840,+3.48, +6.425,+10.345,+0.953
1702384440,+3.48, +6.444,+10.325,+0.953
1702385040,+3.48, +6.405,+10.339,+0.953
1702385640,+3.48, +6.386,+10.352,+0.953
1702386240,+3.48, +6.405,+10.343,+0.953
1702386840,+3.48, +6.405,+10.306,+0.952
1702387440,+3.48, +6.347,+10.334,+0.952
1702388040,+3.48, +6.356,+10.331,+0.952
1702388640,+3.48, +6.386,+10.340,+0.952
1702389240,+3.48, +6.425,+10.334,+0.952
1702389840,+3.48, +6.395,+10.339,+0.953
1702390440,+3.48, +6.386,+10.336,+0.952
1702391040,+3.48, +6.415,+10.358,+0.952
1702391640,+3.48, +6.405,+10.358,+0.953
1702392240,+3.48, +6.395,+10.390,+0.953
1702392840,+3.48, +6.356,+10.391,+0.953
1702393440,+3.48, +6.337,+10.391,+0.952
1702394040,+3.48, +6.376,+10.384,+0.953
1702394640,+3.48, +6.366,+10.382,+0.953
1702395240,+3.48, +6.395,+10.366,+0.953
1702395840,+3.48, +6.376,+10.391,+0.953
1702396440,+3.48, +6.376,+10.383,+0.952
1702397040,+3.48, +6.327,+10.372,+0.953
1702397640,+3.47, +6.337,+10.389,+0.953
1702398240,+3.48, +6.356,+10.397,+0.952
1702398840,+3.48, +6.347,+10.408,+0.952
1702399440,+3.47, +6.298,+10.444,+0.953
1702400040,+3.47, +6.318,+10.434,+0.952
1702400640,+3.47, +6.318,+10.412,+0.952
1702401240,+3.47, +6.327,+10.389,+0.952
1702401840,+3.47, +6.288,+10.441,+0.953
