7450-055639
OS REV: 1.05 Sensor Cal: 1624981093
Time (sec),  BV (Volts),  T (deg C),  DO (mg/l),  Q ()
1703620440,+3.45, +5.592,+10.502,+0.952
1703621040,+3.45, +5.592,+10.497,+0.952
1703621640,+3.45, +5.631,+10.490,+0.952
1703622240,+3.45, +5.641,+10.535,+0.952
1703622840,+3.45, +5.661,+10.507,+0.952
1703623440,+3.45, +5.641,+10.491,+0.952
1703624040,+3.45, +5.622,+10.467,+0.952
1703624640,+3.45, +5.612,+10.433,+0.952
1703625240,+3.45, +5.572,+10.436,+0.952
1703625840,+3.45, +5.562,+10.416,+0.952
1703626440,+3.45, +5.552,+10.407,+0.952
1703627040,+3.45, +5.572,+10.389,+0.952
1703627640,+3.45, +5.572,+10.422,+0.952
1703628240,+3.45, +5.552,+10.380,+0.952
1703628840,+3.45, +5.533,+10.345,+0.952
1703629440,+3.45, +5.543,+10.312,+0.952
1703630040,+3.45, +5.543,+10.331,+0.952
1703630640,+3.45, +5.513,+10.311,+0.952
1703631240,+3.45, +5.513,+10.349,+0.952
1703631840,+3.45, +5.533,+10.316,+0.952
1703632440,+3.45, +5.543,+10.320,+0.952
1703633040,+3.45, +5.552,+10.370,+0.952
1703633640,+3.45, +5.592,+10.391,+0.952
1703634240,+3.45, +5.582,+10.396,+0.952
1703634840,+3.45, +5.592,+10.420,+0.952
1703635440,+3.45, +5.592,+10.423,+0.952
1703636040,+3.45, +5.592,+10.432,+0.952
1703636640,+3.45, +5.592,+10.427,+0.952
1703637240,+3.45, +5.612,+10.396,+0.952
1703637840,+3.45, +5.631,+10.413,+0.952
1703638440,+3.45, +5.760,+10.647,+0.952
1703639040,+3.45, +5.779,+10.643,+0.952
1703639640,+3.45, +5.779,+10.630,+0.952
1703640240,+3.45, +5.789,+10.645,+0.952
1703640840,+3.45, +5.799,+10.660,+0.952
1703641440,+3.45, +5.769,+10.601,+0.952
1703642040,+3.45, +5.700,+10.492,+0.953
1703642640,+3.45, +5.691,+10.501,+0.952
1703643240,+3.45, +5.740,+10.551,+0.952
1703643840,+3.45, +5.740,+10.546,+0.952
1703644440,+3.45, +5.612,+10.331,+0.952
1703645040,+3.45, +5.661,+10.461,+0.952
1703645640,+3.45, +5.691,+10.462,+0.952
1703646240,+3.45, +5.641,+10.445,+0.952
1703646840,+3.45, +5.631,+10.413,+0.952
1703647440,+3.45, +5.641,+10.423,+0.952
1703648040,+3.45, +5.700,+10.520,+0.952
1703648640,+3.45, +5.710,+10.461,+0.952
1703649240,+3.45, +5.691,+10.447,+0.952
1703649840,+3.45, +5.651,+10.363,+0.952
1703650440,+3.45, +5.631,+10.392,+0.952
1703651040,+3.45, +5.641,+10.413,+0.952
1703651640,+3.45, +5.661,+10.451,+0.952
1703652240,+3.45, +5.691,+10.484,+0.952
1703652840,+3.45, +5.651,+10.421,+0.952
1703653440,+3.45, +5.691,+10.439,+0.952
1703654040,+3.45, +5.710,+10.425,+0.952
1703654640,+3.45, +5.681,+10.388,+0.952
1703655240,+3.45, +5.700,+10.440,+0.952
1703655840,+3.45, +5.710,+10.438,+0.952
1703656440,+3.45, +5.789,+10.514,+0.952
1703657040,+3.45, +5.769,+10.503,+0.952
1703657640,+3.45, +5.760,+10.486,+0.952
1703658240,+3.45, +5.730,+10.428,+0.952
1703658840,+3.45, +5.661,+10.383,+0.952
1703659440,+3.45, +5.710,+10.435,+0.952
1703660040,+3.45, +5.700,+10.408,+0.952
1703660640,+3.45, +5.720,+10.409,+0.952
1703661240,+3.45, +5.740,+10.413,+0.952
1703661840,+3.45, +5.750,+10.435,+0.952
1703662440,+3.45, +5.740,+10.426,+0.952
1703663040,+3.45, +5.730,+10.361,+0.952
1703663640,+3.45, +5.760,+10.381,+0.952
1703664240,+3.45, +5.760,+10.347,+0.952
1703664840,+3.45, +5.750,+10.408,+0.952
1703665440,+3.45, +5.789,+10.409,+0.952
1703666040,+3.45, +5.789,+10.484,+0.952
1703666640,+3.45, +5.819,+10.459,+0.952
1703667240,+3.45, +5.809,+10.449,+0.952
1703667840,+3.45, +5.809,+10.450,+0.952
1703668440,+3.45, +5.789,+10.380,+0.952
1703669040,+3.45, +5.779,+10.376,+0.952
1703669640,+3.45, +5.750,+10.381,+0.952
1703670240,+3.45, +5.789,+10.396,+0.952
1703670840,+3.45, +5.769,+10.372,+0.952
1703671440,+3.45, +5.779,+10.375,+0.952
1703672040,+3.45, +5.789,+10.332,+0.952
1703672640,+3.45, +5.799,+10.332,+0.952
1703673240,+3.45, +5.779,+10.349,+0.952
1703673840,+3.45, +5.769,+10.355,+0.952
1703674440,+3.45, +5.789,+10.331,+0.952
1703675040,+3.45, +5.789,+10.334,+0.952
1703675640,+3.45, +5.819,+10.321,+0.952
1703676240,+3.45, +5.799,+10.358,+0.952
1703676840,+3.45, +5.838,+10.314,+0.952
1703677440,+3.45, +5.819,+10.321,+0.952
1703678040,+3.45, +5.828,+10.313,+0.952
1703678640,+3.45, +5.838,+10.312,+0.952
1703679240,+3.45, +5.838,+10.324,+0.952
1703679840,+3.45, +5.838,+10.455,+0.952
1703680440,+3.45, +5.868,+10.414,+0.952
1703681040,+3.45, +5.868,+10.404,+0.952
1703681640,+3.45, +5.878,+10.479,+0.953
1703682240,+3.45, +5.887,+10.416,+0.952
1703682840,+3.45, +5.897,+10.396,+0.952
1703683440,+3.45, +5.907,+10.386,+0.952
1703684040,+3.45, +5.887,+10.369,+0.952
1703684640,+3.45, +5.907,+10.330,+0.952
1703685240,+3.45, +5.897,+10.311,+0.952
1703685840,+3.45, +5.878,+10.328,+0.952
1703686440,+3.45, +5.858,+10.336,+0.952
1703687040,+3.45, +5.828,+10.327,+0.952
1703687640,+3.45, +5.750,+10.360,+0.952
1703688240,+3.45, +5.789,+10.387,+0.952
1703688840,+3.45, +5.838,+10.384,+0.952
1703689440,+3.45, +5.779,+10.361,+0.952
1703690040,+3.45, +5.799,+10.372,+0.952
1703690640,+3.45, +5.868,+10.394,+0.952
1703691240,+3.45, +5.858,+10.407,+0.952
1703691840,+3.45, +5.936,+10.416,+0.952
1703692440,+3.45, +5.927,+10.420,+0.952
1703693040,+3.45, +5.927,+10.398,+0.952
1703693640,+3.45, +5.936,+10.420,+0.953
1703694240,+3.45, +5.946,+10.397,+0.952
1703694840,+3.45, +5.966,+10.394,+0.952
1703695440,+3.45, +5.946,+10.414,+0.952
1703696040,+3.45, +5.946,+10.406,+0.952
1703696640,+3.45, +5.946,+10.400,+0.952
1703697240,+3.45, +5.966,+10.393,+0.952
1703697840,+3.45, +5.966,+10.374,+0.952
1703698440,+3.45, +5.985,+10.350,+0.952
1703699040,+3.45, +5.966,+10.366,+0.952
1703699640,+3.45, +5.966,+10.385,+0.952
1703700240,+3.45, +5.878,+10.380,+0.952
1703700840,+3.45, +5.878,+10.366,+0.952
1703701440,+3.45, +5.878,+10.356,+0.952
1703702040,+3.45, +5.878,+10.346,+0.952
1703702640,+3.45, +5.848,+10.347,+0.952
1703703240,+3.45, +5.887,+10.342,+0.952
1703703840,+3.45, +5.897,+10.347,+0.952
1703704440,+3.45, +5.897,+10.350,+0.952
1703705040,+3.45, +5.927,+10.318,+0.952
1703705640,+3.45, +5.907,+10.350,+0.952
1703706240,+3.45, +5.897,+10.366,+0.953
1703706840,+3.45, +5.907,+10.366,+0.952
