7450-055639
OS REV: 1.05 Sensor Cal: 1624981093
Time (sec),  BV (Volts),  T (deg C),  DO (mg/l),  Q ()
1703968440,+3.45, +5.622,+10.175,+0.952
1703969040,+3.45, +5.612,+10.132,+0.952
1703969640,+3.45, +5.592,+10.160,+0.952
1703970240,+3.45, +5.612,+10.126,+0.952
1703970840,+3.45, +5.592,+10.123,+0.952
1703971440,+3.45, +5.602,+10.125,+0.952
1703972040,+3.45, +5.612,+10.114,+0.952
1703972640,+3.45, +5.612,+10.187,+0.953
1703973240,+3.45, +5.612,+10.110,+0.952
1703973840,+3.45, +5.592,+10.214,+0.952
1703974440,+3.45, +5.622,+10.228,+0.952
1703975040,+3.45, +5.582,+10.253,+0.952
1703975640,+3.45, +5.602,+10.254,+0.952
1703976240,+3.45, +5.572,+10.264,+0.952
1703976840,+3.45, +5.572,+10.243,+0.952
1703977440,+3.45, +5.562,+10.237,+0.953
1703978040,+3.45, +5.552,+10.206,+0.952
1703978640,+3.45, +5.572,+10.165,+0.952
1703979240,+3.45, +5.552,+10.157,+0.952
1703979840,+3.45, +5.562,+10.166,+0.952
1703980440,+3.45, +5.582,+10.150,+0.952
1703981040,+3.45, +5.592,+10.176,+0.953
1703981640,+3.45, +5.572,+10.201,+0.953
1703982240,+3.45, +5.582,+10.171,+0.952
1703982840,+3.45, +5.612,+10.233,+0.952
1703983440,+3.45, +5.661,+10.380,+0.953
1703984040,+3.45, +5.612,+10.297,+0.952
1703984640,+3.45, +5.651,+10.339,+0.952
1703985240,+3.45, +5.622,+10.329,+0.952
1703985840,+3.45, +5.671,+10.350,+0.952
1703986440,+3.45, +5.681,+10.398,+0.952
1703987040,+3.45, +5.661,+10.381,+0.952
1703987640,+3.45, +5.681,+10.373,+0.952
1703988240,+3.45, +5.691,+10.373,+0.952
1703988840,+3.45, +5.691,+10.394,+0.952
1703989440,+3.45, +5.681,+10.280,+0.952
1703990040,+3.45, +5.661,+10.248,+0.952
1703990640,+3.45, +5.681,+10.390,+0.952
1703991240,+3.45, +5.681,+10.402,+0.952
1703991840,+3.45, +5.671,+10.217,+0.952
1703992440,+3.45, +5.691,+10.349,+0.952
1703993040,+3.45, +5.710,+10.448,+0.953
1703993640,+3.45, +5.700,+10.442,+0.952
1703994240,+3.45, +5.691,+10.438,+0.952
1703994840,+3.45, +5.681,+10.477,+0.952
1703995440,+3.45, +5.700,+10.510,+0.952
1703996040,+3.45, +5.720,+10.514,+0.952
1703996640,+3.45, +5.730,+10.508,+0.952
1703997240,+3.45, +5.720,+10.449,+0.952
1703997840,+3.45, +5.671,+10.120,+0.952
1703998440,+3.45, +5.710,+10.408,+0.952
1703999040,+3.45, +5.700,+10.408,+0.952
1703999640,+3.45, +5.700,+10.459,+0.952
1704000240,+3.45, +5.700,+10.364,+0.952
1704000840,+3.45, +5.700,+10.441,+0.952
1704001440,+3.45, +5.622,+10.166,+0.952
1704002040,+3.45, +5.622,+10.235,+0.952
1704002640,+3.45, +5.612,+10.299,+0.953
1704003240,+3.45, +5.641,+10.379,+0.952
1704003840,+3.45, +5.641,+10.450,+0.952
1704004440,+3.45, +5.641,+10.433,+0.952
1704005040,+3.45, +5.651,+10.430,+0.952
1704005640,+3.45, +5.612,+10.392,+0.952
1704006240,+3.45, +5.622,+10.409,+0.952
1704006840,+3.45, +5.631,+10.428,+0.952
1704007440,+3.45, +5.641,+10.450,+0.952
1704008040,+3.45, +5.651,+10.437,+0.952
1704008640,+3.45, +5.622,+10.403,+0.952
1704009240,+3.45, +5.641,+10.410,+0.952
1704009840,+3.45, +5.631,+10.394,+0.952
1704010440,+3.45, +5.631,+10.376,+0.952
1704011040,+3.45, +5.622,+10.335,+0.952
1704011640,+3.45, +5.631,+10.317,+0.952
1704012240,+3.45, +5.602,+10.276,+0.952
1704012840,+3.45, +5.612,+10.294,+0.952
1704013440,+3.45, +5.582,+10.238,+0.952
1704014040,+3.45, +5.572,+10.176,+0.952
1704014640,+3.45, +5.582,+10.158,+0.952
1704015240,+3.45, +5.582,+10.144,+0.952
1704015840,+3.45, +5.543,+10.155,+0.952
1704016440,+3.45, +5.572,+10.140,+0.952
1704017040,+3.45, +5.562,+10.153,+0.952
1704017640,+3.45, +5.552,+10.217,+0.952
1704018240,+3.45, +5.562,+10.237,+0.953
1704018840,+3.45, +5.552,+10.263,+0.952
1704019440,+3.45, +5.572,+10.220,+0.952
1704020040,+3.45, +5.562,+10.226,+0.953
1704020640,+3.45, +5.552,+10.168,+0.952
1704021240,+3.45, +5.552,+10.183,+0.952
1704021840,+3.45, +5.543,+10.228,+0.952
1704022440,+3.45, +5.572,+10.177,+0.952
1704023040,+3.45, +5.543,+10.191,+0.952
1704023640,+3.45, +5.533,+10.243,+0.952
1704024240,+3.45, +5.562,+10.275,+0.952
1704024840,+3.45, +5.572,+10.261,+0.952
1704025440,+3.45, +5.523,+10.273,+0.952
1704026040,+3.45, +5.533,+10.262,+0.952
1704026640,+3.45, +5.552,+10.240,+0.952
1704027240,+3.45, +5.552,+10.242,+0.952
1704027840,+3.45, +5.523,+10.246,+0.952
1704028440,+3.45, +5.493,+10.164,+0.952
1704029040,+3.45, +5.513,+10.150,+0.952
1704029640,+3.45, +5.463,+10.248,+0.952
1704030240,+3.45, +5.513,+10.280,+0.952
1704030840,+3.45, +5.523,+10.266,+0.952
1704031440,+3.46, +5.503,+10.243,+0.952
1704032040,+3.45, +5.473,+10.224,+0.952
1704032640,+3.45, +5.483,+10.237,+0.952
1704033240,+3.45, +5.483,+10.236,+0.952
1704033840,+3.46, +5.483,+10.245,+0.952
1704034440,+3.46, +5.493,+10.267,+0.952
1704035040,+3.45, +5.473,+10.247,+0.952
1704035640,+3.45, +5.454,+10.194,+0.952
1704036240,+3.46, +5.444,+10.185,+0.952
1704036840,+3.45, +5.404,+10.186,+0.952
1704037440,+3.46, +5.404,+10.280,+0.952
1704038040,+3.46, +5.414,+10.273,+0.952
1704038640,+3.46, +5.444,+10.290,+0.952
1704039240,+3.45, +5.444,+10.245,+0.952
1704039840,+3.46, +5.454,+10.198,+0.952
1704040440,+3.45, +5.454,+10.234,+0.952
1704041040,+3.45, +5.454,+10.217,+0.952
1704041640,+3.45, +5.483,+10.229,+0.952
1704042240,+3.46, +5.463,+10.261,+0.952
1704042840,+3.45, +5.454,+10.258,+0.952
1704043440,+3.45, +5.473,+10.280,+0.952
1704044040,+3.46, +5.483,+10.284,+0.952
1704044640,+3.45, +5.483,+10.396,+0.952
1704045240,+3.45, +5.493,+10.323,+0.952
1704045840,+3.45, +5.473,+10.325,+0.952
1704046440,+3.45, +5.473,+10.322,+0.952
1704047040,+3.45, +5.483,+10.325,+0.952
1704047640,+3.46, +5.483,+10.317,+0.952
1704048240,+3.45, +5.473,+10.398,+0.952
1704048840,+3.46, +5.473,+10.302,+0.952
1704049440,+3.45, +5.424,+10.394,+0.952
1704050040,+3.45, +5.424,+10.442,+0.952
1704050640,+3.45, +5.424,+10.414,+0.952
1704051240,+3.46, +5.414,+10.414,+0.952
1704051840,+3.45, +5.414,+10.422,+0.952
1704052440,+3.45, +5.394,+10.457,+0.952
1704053040,+3.46, +5.394,+10.426,+0.952
1704053640,+3.46, +5.414,+10.470,+0.952
1704054240,+3.45, +5.394,+10.522,+0.952
1704054840,+3.45, +5.394,+10.498,+0.952
