7450-055639
OS REV: 1.05 Sensor Cal: 1624981093
Time (sec),  BV (Volts),  T (deg C),  DO (mg/l),  Q ()
1702489440,+3.46, +6.113,+10.416,+0.952
1702490040,+3.46, +6.122,+10.381,+0.953
1702490640,+3.46, +6.103,+10.370,+0.952
1702491240,+3.46, +6.113,+10.369,+0.952
1702491840,+3.46, +6.093,+10.369,+0.952
1702492440,+3.46, +6.103,+10.373,+0.952
1702493040,+3.46, +6.113,+10.356,+0.952
1702493640,+3.46, +6.074,+10.262,+0.952
1702494240,+3.46, +6.074,+10.238,+0.952
1702494840,+3.46, +6.054,+10.255,+0.952
1702495440,+3.46, +6.113,+10.423,+0.952
1702496040,+3.46, +6.142,+10.459,+0.952
1702496640,+3.46, +6.083,+10.206,+0.952
1702497240,+3.46, +6.054,+10.142,+0.952
1702497840,+3.46, +6.074,+10.179,+0.952
1702498440,+3.46, +6.074,+10.245,+0.953
1702499040,+3.46, +6.064,+10.148,+0.952
1702499640,+3.46, +6.162,+10.349,+0.952
1702500240,+3.46, +6.152,+10.359,+0.953
1702500840,+3.46, +6.191,+10.436,+0.953
1702501440,+3.46, +6.122,+10.316,+0.952
1702502040,+3.46, +6.210,+10.453,+0.952
1702502640,+3.46, +6.230,+10.500,+0.952
1702503240,+3.46, +6.191,+10.503,+0.952
1702503840,+3.46, +6.249,+10.582,+0.952
1702504440,+3.46, +6.249,+10.568,+0.952
1702505040,+3.46, +6.181,+10.541,+0.953
1702505640,+3.46, +6.201,+10.471,+0.952
1702506240,+3.46, +6.220,+10.446,+0.952
1702506840,+3.46, +6.249,+10.486,+0.952
1702507440,+3.46, +6.220,+10.555,+0.953
1702508040,+3.46, +6.230,+10.553,+0.952
1702508640,+3.46, +6.249,+10.597,+0.952
1702509240,+3.46, +6.230,+10.533,+0.952
1702509840,+3.46, +6.269,+10.572,+0.952
1702510440,+3.46, +6.259,+10.618,+0.953
1702511040,+3.46, +6.259,+10.585,+0.952
1702511640,+3.46, +6.259,+10.597,+0.952
1702512240,+3.46, +6.249,+10.534,+0.952
1702512840,+3.46, +6.230,+10.507,+0.952
1702513440,+3.46, +6.259,+10.523,+0.953
1702514040,+3.46, +6.249,+10.591,+0.952
1702514640,+3.46, +6.259,+10.635,+0.953
1702515240,+3.46, +6.279,+10.646,+0.952
1702515840,+3.46, +6.249,+10.714,+0.953
1702516440,+3.46, +6.279,+10.710,+0.953
1702517040,+3.46, +6.298,+10.696,+0.952
1702517640,+3.46, +6.288,+10.754,+0.952
1702518240,+3.46, +6.279,+10.710,+0.953
1702518840,+3.46, +6.279,+10.695,+0.953
1702519440,+3.46, +6.269,+10.689,+0.952
1702520040,+3.46, +6.259,+10.594,+0.953
1702520640,+3.46, +6.240,+10.585,+0.952
1702521240,+3.46, +6.240,+10.576,+0.952
1702521840,+3.46, +6.240,+10.688,+0.952
1702522440,+3.46, +6.249,+10.808,+0.952
1702523040,+3.46, +6.230,+10.823,+0.952
1702523640,+3.46, +6.240,+10.790,+0.952
1702524240,+3.46, +6.240,+10.745,+0.952
1702524840,+3.46, +6.220,+10.672,+0.952
1702525440,+3.46, +6.201,+10.729,+0.952
1702526040,+3.46, +6.220,+10.735,+0.952
1702526640,+3.46, +6.220,+10.610,+0.952
1702527240,+3.46, +6.201,+10.664,+0.952
1702527840,+3.46, +6.210,+10.713,+0.952
1702528440,+3.46, +6.162,+10.654,+0.953
1702529040,+3.46, +6.181,+10.469,+0.952
1702529640,+3.46, +6.210,+10.688,+0.953
1702530240,+3.46, +6.171,+10.555,+0.953
1702530840,+3.46, +6.181,+10.650,+0.953
1702531440,+3.46, +6.181,+10.713,+0.952
1702532040,+3.46, +6.191,+10.715,+0.952
1702532640,+3.46, +6.181,+10.714,+0.952
1702533240,+3.46, +6.191,+10.694,+0.953
1702533840,+3.46, +6.152,+10.269,+0.953
1702534440,+3.46, +6.171,+10.522,+0.952
1702535040,+3.46, +6.142,+10.630,+0.952
1702535640,+3.46, +6.152,+10.616,+0.952
1702536240,+3.46, +6.152,+10.616,+0.952
1702536840,+3.46, +6.171,+10.609,+0.952
1702537440,+3.46, +6.152,+10.612,+0.952
1702538040,+3.46, +6.122,+10.652,+0.953
1702538640,+3.46, +6.132,+10.638,+0.953
1702539240,+3.46, +6.122,+10.623,+0.952
1702539840,+3.46, +6.132,+10.617,+0.952
1702540440,+3.46, +6.122,+10.605,+0.952
1702541040,+3.46, +6.132,+10.596,+0.952
1702541640,+3.46, +6.113,+10.593,+0.952
1702542240,+3.46, +6.122,+10.596,+0.953
1702542840,+3.46, +6.093,+10.591,+0.952
1702543440,+3.46, +6.103,+10.569,+0.952
1702544040,+3.46, +6.093,+10.578,+0.952
1702544640,+3.46, +6.074,+10.572,+0.952
1702545240,+3.46, +6.083,+10.566,+0.952
1702545840,+3.46, +6.064,+10.585,+0.953
1702546440,+3.46, +6.054,+10.588,+0.952
1702547040,+3.46, +6.054,+10.569,+0.952
1702547640,+3.46, +6.044,+10.573,+0.952
1702548240,+3.46, +6.054,+10.594,+0.953
1702548840,+3.46, +6.074,+10.566,+0.952
1702549440,+3.46, +6.074,+10.579,+0.953
1702550040,+3.46, +6.064,+10.554,+0.952
1702550640,+3.46, +6.034,+10.561,+0.952
1702551240,+3.46, +6.044,+10.571,+0.953
1702551840,+3.46, +5.995,+10.575,+0.952
1702552440,+3.46, +6.015,+10.575,+0.953
1702553040,+3.46, +6.015,+10.583,+0.953
1702553640,+3.46, +6.025,+10.564,+0.952
1702554240,+3.46, +5.995,+10.574,+0.952
1702554840,+3.46, +6.005,+10.564,+0.952
1702555440,+3.46, +6.005,+10.544,+0.952
1702556040,+3.46, +5.985,+10.569,+0.953
1702556640,+3.46, +5.976,+10.560,+0.952
1702557240,+3.46, +5.956,+10.575,+0.952
1702557840,+3.46, +5.946,+10.571,+0.952
1702558440,+3.46, +5.956,+10.568,+0.952
1702559040,+3.46, +5.936,+10.578,+0.952
1702559640,+3.46, +5.936,+10.576,+0.952
1702560240,+3.46, +5.946,+10.570,+0.952
1702560840,+3.46, +5.976,+10.559,+0.952
1702561440,+3.46, +5.956,+10.566,+0.952
1702562040,+3.46, +5.946,+10.562,+0.952
1702562640,+3.46, +5.956,+10.578,+0.953
1702563240,+3.46, +5.956,+10.572,+0.952
1702563840,+3.46, +5.946,+10.567,+0.952
1702564440,+3.46, +5.956,+10.554,+0.952
1702565040,+3.46, +5.897,+10.594,+0.952
1702565640,+3.46, +5.927,+10.570,+0.952
1702566240,+3.46, +5.927,+10.579,+0.952
1702566840,+3.46, +5.917,+10.615,+0.952
1702567440,+3.46, +5.927,+10.636,+0.952
1702568040,+3.46, +5.927,+10.654,+0.952
1702568640,+3.46, +5.936,+10.669,+0.952
1702569240,+3.46, +5.927,+10.674,+0.952
1702569840,+3.46, +5.936,+10.653,+0.952
1702570440,+3.46, +5.917,+10.704,+0.952
1702571040,+3.46, +5.927,+10.713,+0.952
1702571640,+3.46, +5.956,+10.713,+0.952
1702572240,+3.46, +5.917,+10.725,+0.952
1702572840,+3.46, +5.936,+10.695,+0.952
1702573440,+3.46, +5.946,+10.658,+0.952
1702574040,+3.46, +5.927,+10.678,+0.952
1702574640,+3.46, +5.956,+10.626,+0.952
1702575240,+3.46, +5.936,+10.644,+0.952
1702575840,+3.46, +5.927,+10.638,+0.952
