7450-055639
OS REV: 1.05 Sensor Cal: 1624981093
Time (sec),  BV (Volts),  T (deg C),  DO (mg/l),  Q ()
1710058440,+3.47, +6.831, +0.046,+0.936
1710059040,+3.46, +6.831, +0.047,+0.936
1710059640,+3.46, +6.831, +0.183,+0.937
1710060240,+3.46, +6.822, +0.050,+0.936
1710060840,+3.46, +6.841, +0.047,+0.936
1710061440,+3.47, +6.822, +0.047,+0.936
1710062040,+3.46, +6.841, +0.047,+0.936
1710062640,+3.46, +6.841, +0.047,+0.936
1710063240,+3.47, +6.822, +0.047,+0.936
1710063840,+3.46, +6.841, +0.047,+0.936
1710064440,+3.47, +6.831, +0.047,+0.936
1710065040,+3.46, +6.831, +0.047,+0.936
1710065640,+3.46, +6.851, +0.047,+0.936
1710066240,+3.46, +6.831, +0.047,+0.936
1710066840,+3.47, +6.851, +0.047,+0.936
1710067440,+3.47, +6.860, +0.046,+0.936
1710068040,+3.47, +6.831, +0.046,+0.936
1710068640,+3.47, +6.831, +0.047,+0.936
1710069240,+3.47, +6.831, +0.046,+0.936
1710069840,+3.47, +6.831, +0.047,+0.936
1710070440,+3.47, +6.802, +0.047,+0.936
1710071040,+3.46, +6.841, +0.046,+0.936
1710071640,+3.46, +6.831, +0.048,+0.936
1710072240,+3.47, +6.831, +0.047,+0.936
1710072840,+3.47, +6.841, +0.046,+0.936
1710073440,+3.47, +6.831, +0.047,+0.936
1710074040,+3.47, +6.851, +0.047,+0.936
1710074640,+3.46, +6.831, +0.047,+0.936
1710075240,+3.47, +6.812, +0.047,+0.936
1710075840,+3.47, +6.841, +0.048,+0.936
1710076440,+3.46, +6.851, +0.046,+0.936
1710077040,+3.46, +6.841, +0.046,+0.936
1710077640,+3.47, +6.822, +0.047,+0.936
1710078240,+3.46, +6.841, +0.046,+0.936
1710078840,+3.46, +6.822, +0.047,+0.936
1710079440,+3.46, +6.851, +0.046,+0.936
1710080040,+3.46, +6.841, +0.047,+0.936
1710080640,+3.47, +6.851, +0.046,+0.936
1710081240,+3.46, +6.860, +0.274,+0.938
1710081840,+3.47, +6.822, +0.055,+0.936
1710082440,+3.47, +6.822, +0.047,+0.936
1710083040,+3.47, +6.831, +0.046,+0.936
1710083640,+3.47, +6.851, +0.047,+0.936
1710084240,+3.47, +6.831, +0.046,+0.936
1710084840,+3.47, +6.841, +0.047,+0.936
1710085440,+3.47, +6.822, +0.048,+0.936
1710086040,+3.47, +6.822, +0.046,+0.936
1710086640,+3.47, +6.841, +0.048,+0.936
1710087240,+3.47, +6.831, +0.047,+0.936
1710087840,+3.47, +6.831, +0.047,+0.936
1710088440,+3.47, +6.841, +0.046,+0.936
1710089040,+3.47, +6.851, +0.046,+0.936
1710089640,+3.46, +6.831, +0.048,+0.936
1710090240,+3.47, +6.841, +0.046,+0.936
1710090840,+3.47, +6.831, +0.047,+0.936
1710091440,+3.47, +6.841, +0.047,+0.936
1710092040,+3.47, +6.831, +0.046,+0.936
1710092640,+3.47, +6.851, +0.046,+0.936
1710093240,+3.46, +6.841, +0.047,+0.936
1710093840,+3.47, +6.831, +0.047,+0.936
1710094440,+3.47, +6.851, +0.047,+0.936
1710095040,+3.47, +6.841, +0.046,+0.936
1710095640,+3.47, +6.831, +0.708,+0.943
1710096240,+3.47, +6.841, +0.279,+0.938
1710096840,+3.47, +6.802, +0.081,+0.936
1710097440,+3.47, +6.822, +0.058,+0.936
1710098040,+3.47, +6.822, +0.057,+0.936
1710098640,+3.47, +6.831, +0.091,+0.936
1710099240,+3.47, +6.841, +0.150,+0.936
1710099840,+3.47, +6.822, +0.175,+0.936
1710100440,+3.47, +6.851, +0.251,+0.936
1710101040,+3.47, +6.860, +0.244,+0.937
1710101640,+3.47, +6.860, +0.246,+0.937
1710102240,+3.47, +6.831, +0.282,+0.937
1710102840,+3.47, +6.851, +0.047,+0.936
1710103440,+3.47, +6.831, +0.047,+0.936
1710104040,+3.47, +6.851, +0.046,+0.936
1710104640,+3.47, +6.831, +0.046,+0.936
1710105240,+3.47, +6.851, +0.048,+0.936
1710105840,+3.47, +6.841, +0.047,+0.936
1710106440,+3.47, +6.841, +0.047,+0.936
1710107040,+3.47, +6.851, +0.047,+0.936
1710107640,+3.47, +6.851, +0.047,+0.936
1710108240,+3.47, +6.870, +0.047,+0.936
1710108840,+3.47, +6.870, +0.047,+0.936
1710109440,+3.47, +6.841, +0.048,+0.936
1710110040,+3.47, +6.860, +1.670,+0.943
1710110640,+3.47, +6.851, +0.687,+0.941
1710111240,+3.47, +6.860, +0.398,+0.939
1710111840,+3.47, +6.860, +0.261,+0.938
1710112440,+3.47, +6.879, +0.192,+0.937
1710113040,+3.47, +6.870, +0.153,+0.937
1710113640,+3.47, +6.851, +0.114,+0.936
1710114240,+3.47, +6.851, +0.099,+0.936
1710114840,+3.47, +6.851, +0.090,+0.936
1710115440,+3.47, +6.851, +0.087,+0.936
1710116040,+3.47, +6.860, +0.082,+0.936
1710116640,+3.47, +6.870, +0.078,+0.936
1710117240,+3.47, +6.851, +0.123,+0.937
1710117840,+3.47, +6.851, +0.049,+0.936
1710118440,+3.47, +6.879, +0.047,+0.936
1710119040,+3.47, +6.870, +0.047,+0.936
1710119640,+3.47, +6.870, +0.046,+0.936
1710120240,+3.47, +6.841, +0.046,+0.936
1710120840,+3.47, +6.860, +0.047,+0.936
1710121440,+3.47, +6.841, +0.047,+0.936
1710122040,+3.47, +6.860, +0.046,+0.936
1710122640,+3.47, +6.841, +0.047,+0.936
1710123240,+3.47, +6.831, +0.047,+0.936
1710123840,+3.47, +6.851, +0.046,+0.936
1710124440,+3.47, +6.860, +0.047,+0.936
1710125040,+3.47, +6.841, +0.047,+0.936
1710125640,+3.47, +6.851, +0.047,+0.936
1710126240,+3.47, +6.879, +0.046,+0.936
1710126840,+3.47, +6.860, +0.047,+0.936
1710127440,+3.47, +6.860, +0.047,+0.936
1710128040,+3.47, +6.860, +0.047,+0.936
1710128640,+3.47, +6.841, +0.047,+0.936
1710129240,+3.47, +6.879, +0.046,+0.936
1710129840,+3.47, +6.870, +0.047,+0.936
1710130440,+3.47, +6.851, +0.047,+0.936
1710131040,+3.47, +6.870, +0.047,+0.936
1710131640,+3.47, +6.879, +0.927,+0.940
1710132240,+3.47, +6.879, +0.195,+0.937
1710132840,+3.47, +6.841, +0.066,+0.936
1710133440,+3.47, +6.860, +0.053,+0.936
1710134040,+3.47, +6.860, +0.050,+0.936
1710134640,+3.47, +6.851, +0.049,+0.936
1710135240,+3.47, +6.870, +0.050,+0.936
1710135840,+3.47, +6.879, +0.047,+0.936
1710136440,+3.47, +6.870, +0.047,+0.936
1710137040,+3.47, +6.851, +0.048,+0.936
1710137640,+3.47, +6.860, +0.048,+0.936
1710138240,+3.47, +6.870, +0.296,+0.937
1710138840,+3.47, +6.879, +0.046,+0.936
1710139440,+3.47, +6.851, +0.047,+0.936
1710140040,+3.47, +6.860, +0.047,+0.936
1710140640,+3.47, +6.879, +0.047,+0.936
1710141240,+3.47, +6.860, +0.047,+0.936
1710141840,+3.47, +6.841, +0.047,+0.936
1710142440,+3.47, +6.879, +0.046,+0.936
1710143040,+3.47, +6.889, +0.046,+0.936
1710143640,+3.47, +6.870, +0.047,+0.936
1710144240,+3.47, +6.889, +0.046,+0.936
1710144840,+3.47, +6.879, +0.047,+0.936
