7450-055639
OS REV: 1.05 Sensor Cal: 1624981093
Time (sec),  BV (Volts),  T (deg C),  DO (mg/l),  Q ()
1707622440,+3.46, +5.235, +0.045,+0.936
1707623040,+3.46, +5.245, +0.045,+0.936
1707623640,+3.46, +5.235, +0.046,+0.936
1707624240,+3.46, +5.245, +0.044,+0.936
1707624840,+3.46, +5.265, +0.046,+0.936
1707625440,+3.46, +5.235, +0.046,+0.936
1707626040,+3.46, +5.275, +0.533,+0.941
1707626640,+3.46, +5.265, +0.065,+0.936
1707627240,+3.46, +5.285, +0.046,+0.936
1707627840,+3.46, +5.285, +0.046,+0.936
1707628440,+3.46, +5.275, +0.046,+0.936
1707629040,+3.46, +5.265, +0.046,+0.936
1707629640,+3.46, +5.295, +0.047,+0.936
1707630240,+3.46, +5.315, +0.045,+0.936
1707630840,+3.46, +5.315, +0.045,+0.936
1707631440,+3.46, +5.295, +0.045,+0.936
1707632040,+3.46, +5.295, +0.046,+0.936
1707632640,+3.46, +5.305, +0.046,+0.936
1707633240,+3.46, +5.315, +0.046,+0.936
1707633840,+3.46, +5.315, +0.046,+0.936
1707634440,+3.46, +5.305, +0.046,+0.936
1707635040,+3.46, +5.295, +0.045,+0.936
1707635640,+3.46, +5.285, +0.044,+0.936
1707636240,+3.46, +5.255, +0.046,+0.936
1707636840,+3.46, +5.265, +0.045,+0.936
1707637440,+3.46, +5.245, +0.045,+0.936
1707638040,+3.46, +5.245, +0.045,+0.936
1707638640,+3.46, +5.235, +0.045,+0.936
1707639240,+3.46, +5.235, +0.046,+0.936
1707639840,+3.46, +5.206, +0.045,+0.936
1707640440,+3.45, +5.215, +1.067,+0.939
1707641040,+3.46, +5.225, +0.303,+0.938
1707641640,+3.46, +5.255, +0.125,+0.937
1707642240,+3.46, +5.245, +0.064,+0.936
1707642840,+3.46, +5.235, +0.052,+0.936
1707643440,+3.46, +5.235, +0.049,+0.936
1707644040,+3.46, +5.265, +0.046,+0.936
1707644640,+3.46, +5.255, +0.047,+0.936
1707645240,+3.46, +5.245, +0.046,+0.936
1707645840,+3.46, +5.245, +0.047,+0.936
1707646440,+3.46, +5.255, +0.046,+0.936
1707647040,+3.46, +5.255, +0.047,+0.936
1707647640,+3.46, +5.235, +0.048,+0.936
1707648240,+3.46, +5.245, +0.046,+0.936
1707648840,+3.46, +5.245, +0.045,+0.936
1707649440,+3.46, +5.235, +0.047,+0.936
1707650040,+3.46, +5.225, +0.046,+0.936
1707650640,+3.46, +5.235, +0.046,+0.936
1707651240,+3.46, +5.255, +0.046,+0.936
1707651840,+3.46, +5.235, +0.046,+0.936
1707652440,+3.46, +5.225, +0.046,+0.936
1707653040,+3.46, +5.245, +0.046,+0.936
1707653640,+3.46, +5.235, +0.046,+0.936
1707654240,+3.46, +5.255, +0.046,+0.936
1707654840,+3.46, +5.255, +0.046,+0.936
1707655440,+3.46, +5.275, +0.046,+0.936
1707656040,+3.46, +5.245, +0.046,+0.936
1707656640,+3.46, +5.275, +0.046,+0.936
1707657240,+3.46, +5.255, +0.046,+0.936
1707657840,+3.46, +5.255, +0.046,+0.936
1707658440,+3.46, +5.265, +0.044,+0.936
1707659040,+3.46, +5.285, +0.045,+0.936
1707659640,+3.46, +5.275, +0.044,+0.936
1707660240,+3.46, +5.275, +0.045,+0.936
1707660840,+3.46, +5.285, +0.045,+0.936
1707661440,+3.46, +5.255, +0.045,+0.936
1707662040,+3.46, +5.245, +0.373,+0.939
1707662640,+3.46, +5.255, +0.065,+0.936
1707663240,+3.46, +5.245, +0.047,+0.936
1707663840,+3.46, +5.275, +0.047,+0.936
1707664440,+3.46, +5.285, +0.046,+0.936
1707665040,+3.46, +5.255, +0.047,+0.936
1707665640,+3.46, +5.255, +0.045,+0.936
1707666240,+3.46, +5.235, +0.047,+0.936
1707666840,+3.46, +5.255, +0.046,+0.936
1707667440,+3.46, +5.265, +0.045,+0.936
1707668040,+3.46, +5.235, +0.045,+0.936
1707668640,+3.46, +5.245, +0.045,+0.936
1707669240,+3.46, +5.265, +0.045,+0.936
1707669840,+3.46, +5.245, +0.046,+0.936
1707670440,+3.46, +5.255, +0.044,+0.936
1707671040,+3.46, +5.245, +0.045,+0.936
1707671640,+3.46, +5.245, +0.046,+0.936
1707672240,+3.46, +5.255, +0.045,+0.936
1707672840,+3.46, +5.235, +0.046,+0.936
1707673440,+3.46, +5.275, +0.046,+0.936
1707674040,+3.46, +5.275, +0.046,+0.936
1707674640,+3.46, +5.265, +0.046,+0.936
1707675240,+3.46, +5.275, +0.046,+0.936
1707675840,+3.46, +5.285, +0.045,+0.936
1707676440,+3.46, +5.265, +1.411,+0.939
1707677040,+3.46, +5.265, +0.457,+0.939
1707677640,+3.46, +5.295, +0.111,+0.937
1707678240,+3.46, +5.285, +0.063,+0.936
1707678840,+3.46, +5.295, +0.052,+0.936
1707679440,+3.46, +5.295, +0.048,+0.936
1707680040,+3.46, +5.295, +0.047,+0.936
1707680640,+3.46, +5.295, +0.046,+0.936
1707681240,+3.46, +5.275, +0.046,+0.936
1707681840,+3.46, +5.315, +0.046,+0.936
1707682440,+3.46, +5.315, +0.047,+0.936
1707683040,+3.46, +5.305, +0.046,+0.936
1707683640,+3.46, +5.305, +0.046,+0.936
1707684240,+3.46, +5.315, +0.046,+0.936
1707684840,+3.46, +5.315, +0.045,+0.936
1707685440,+3.46, +5.305, +0.046,+0.936
1707686040,+3.46, +5.335, +0.045,+0.936
1707686640,+3.46, +5.325, +0.046,+0.936
1707687240,+3.46, +5.325, +0.046,+0.936
1707687840,+3.46, +5.335, +0.045,+0.936
1707688440,+3.46, +5.315, +0.045,+0.936
1707689040,+3.46, +5.325, +0.046,+0.936
1707689640,+3.46, +5.315, +0.045,+0.936
1707690240,+3.46, +5.325, +0.045,+0.936
1707690840,+3.46, +5.305, +0.171,+0.937
1707691440,+3.46, +5.335, +0.057,+0.936
1707692040,+3.46, +5.345, +0.048,+0.936
1707692640,+3.46, +5.354, +0.047,+0.936
1707693240,+3.46, +5.325, +0.046,+0.936
1707693840,+3.46, +5.345, +0.047,+0.936
1707694440,+3.46, +5.345, +0.046,+0.936
1707695040,+3.46, +5.335, +0.047,+0.936
1707695640,+3.46, +5.345, +0.046,+0.936
1707696240,+3.46, +5.354, +0.046,+0.936
1707696840,+3.46, +5.325, +0.045,+0.936
1707697440,+3.46, +5.335, +0.046,+0.936
1707698040,+3.46, +5.345, +0.047,+0.936
1707698640,+3.46, +5.345, +0.045,+0.936
1707699240,+3.46, +5.345, +0.046,+0.936
1707699840,+3.46, +5.345, +0.047,+0.936
1707700440,+3.46, +5.345, +0.045,+0.936
1707701040,+3.46, +5.345, +0.046,+0.936
1707701640,+3.46, +5.345, +0.046,+0.936
1707702240,+3.46, +5.354, +0.045,+0.936
1707702840,+3.46, +5.364, +0.045,+0.936
1707703440,+3.46, +5.345, +0.045,+0.936
1707704040,+3.46, +5.364, +0.046,+0.936
1707704640,+3.46, +5.374, +0.044,+0.936
1707705240,+3.46, +5.364, +0.046,+0.936
1707705840,+3.46, +5.364, +0.045,+0.936
1707706440,+3.46, +5.354, +0.045,+0.936
1707707040,+3.46, +5.364, +0.045,+0.936
1707707640,+3.46, +5.325, +0.046,+0.936
1707708240,+3.46, +5.335, +0.046,+0.936
1707708840,+3.46, +5.335, +0.046,+0.936
