7450-055639
OS REV: 1.05 Sensor Cal: 1624981093
Time (sec),  BV (Volts),  T (deg C),  DO (mg/l),  Q ()
1707448440,+3.45, +5.066, +0.045,+0.936
1707449040,+3.45, +5.066, +0.046,+0.936
1707449640,+3.45, +5.076, +0.046,+0.936
1707450240,+3.45, +5.066, +0.046,+0.936
1707450840,+3.45, +5.066, +0.045,+0.936
1707451440,+3.45, +5.076, +0.045,+0.936
1707452040,+3.45, +5.056, +0.045,+0.936
1707452640,+3.45, +5.066, +0.046,+0.936
1707453240,+3.45, +5.066, +0.045,+0.936
1707453840,+3.45, +5.076, +0.046,+0.936
1707454440,+3.45, +5.056, +0.045,+0.936
1707455040,+3.45, +5.066, +0.045,+0.936
1707455640,+3.45, +5.056, +0.045,+0.936
1707456240,+3.45, +5.056, +0.045,+0.936
1707456840,+3.45, +5.056, +0.045,+0.936
1707457440,+3.45, +5.066, +0.045,+0.936
1707458040,+3.45, +5.046, +0.046,+0.936
1707458640,+3.45, +5.046, +0.046,+0.936
1707459240,+3.45, +5.046, +0.046,+0.936
1707459840,+3.45, +5.046, +0.045,+0.936
1707460440,+3.45, +5.036, +1.643,+0.940
1707461040,+3.45, +5.056, +0.557,+0.939
1707461640,+3.45, +5.056, +0.202,+0.937
1707462240,+3.45, +5.056, +0.093,+0.937
1707462840,+3.45, +5.066, +0.063,+0.936
1707463440,+3.45, +5.066, +0.053,+0.936
1707464040,+3.45, +5.046, +0.049,+0.936
1707464640,+3.45, +5.076, +0.047,+0.936
1707465240,+3.45, +5.056, +0.046,+0.936
1707465840,+3.45, +5.046, +0.046,+0.936
1707466440,+3.45, +5.046, +0.046,+0.936
1707467040,+3.45, +5.056, +0.045,+0.936
1707467640,+3.45, +5.036, +0.046,+0.936
1707468240,+3.45, +5.046, +0.045,+0.936
1707468840,+3.45, +5.056, +0.046,+0.936
1707469440,+3.45, +5.076, +0.046,+0.936
1707470040,+3.45, +5.036, +0.045,+0.936
1707470640,+3.45, +5.036, +0.047,+0.936
1707471240,+3.45, +5.046, +0.044,+0.936
1707471840,+3.45, +5.026, +0.046,+0.936
1707472440,+3.45, +5.046, +0.045,+0.936
1707473040,+3.45, +5.046, +0.045,+0.936
1707473640,+3.45, +5.046, +0.044,+0.936
1707474240,+3.45, +5.036, +0.047,+0.936
1707474840,+3.45, +5.046, +0.658,+0.939
1707475440,+3.45, +5.046, +0.214,+0.938
1707476040,+3.45, +5.036, +0.085,+0.937
1707476640,+3.45, +5.036, +0.049,+0.936
1707477240,+3.45, +5.016, +0.047,+0.936
1707477840,+3.45, +5.036, +0.046,+0.936
1707478440,+3.45, +5.056, +0.046,+0.936
1707479040,+3.45, +5.036, +0.046,+0.936
1707479640,+3.45, +5.036, +0.045,+0.936
1707480240,+3.45, +5.046, +0.046,+0.936
1707480840,+3.45, +5.056, +0.045,+0.936
1707481440,+3.45, +5.036, +0.045,+0.936
1707482040,+3.45, +5.036, +0.045,+0.936
1707482640,+3.45, +5.036, +0.046,+0.936
1707483240,+3.45, +5.036, +0.046,+0.936
1707483840,+3.45, +5.046, +0.045,+0.936
1707484440,+3.45, +5.066, +0.045,+0.936
1707485040,+3.45, +5.026, +0.046,+0.936
1707485640,+3.45, +5.046, +0.046,+0.936
1707486240,+3.45, +5.066, +0.045,+0.936
1707486840,+3.45, +5.076, +0.045,+0.936
1707487440,+3.45, +5.046, +0.046,+0.936
1707488040,+3.45, +5.056, +0.046,+0.936
1707488640,+3.45, +5.066, +0.046,+0.936
1707489240,+3.45, +5.046, +2.609,+0.945
1707489840,+3.45, +5.056, +1.072,+0.942
1707490440,+3.45, +5.066, +0.501,+0.940
1707491040,+3.45, +5.056, +0.250,+0.938
1707491640,+3.45, +5.056, +0.131,+0.937
1707492240,+3.45, +5.076, +0.088,+0.937
1707492840,+3.45, +5.076, +0.060,+0.936
1707493440,+3.45, +5.066, +0.055,+0.936
1707494040,+3.45, +5.076, +0.052,+0.936
1707494640,+3.45, +5.066, +0.049,+0.936
1707495240,+3.45, +5.076, +0.048,+0.936
1707495840,+3.45, +5.076, +0.047,+0.936
1707496440,+3.45, +5.076, +0.059,+0.936
1707497040,+3.45, +5.076, +0.046,+0.936
1707497640,+3.45, +5.096, +0.045,+0.936
1707498240,+3.45, +5.076, +0.046,+0.936
1707498840,+3.45, +5.076, +0.047,+0.936
1707499440,+3.45, +5.076, +0.047,+0.936
1707500040,+3.45, +5.096, +0.046,+0.936
1707500640,+3.45, +5.076, +0.047,+0.936
1707501240,+3.45, +5.116, +0.045,+0.936
1707501840,+3.45, +5.106, +0.046,+0.936
1707502440,+3.45, +5.126, +0.046,+0.936
1707503040,+3.45, +5.116, +0.046,+0.936
1707503640,+3.45, +5.116, +0.046,+0.936
1707504240,+3.45, +5.116, +0.045,+0.936
1707504840,+3.45, +5.126, +0.045,+0.936
1707505440,+3.45, +5.126, +0.045,+0.936
1707506040,+3.45, +5.116, +0.046,+0.936
1707506640,+3.45, +5.136, +0.045,+0.936
1707507240,+3.45, +5.136, +0.045,+0.936
1707507840,+3.45, +5.106, +0.046,+0.936
1707508440,+3.45, +5.096, +0.044,+0.936
1707509040,+3.45, +5.086, +0.045,+0.936
1707509640,+3.45, +5.116, +0.045,+0.936
1707510240,+3.45, +5.106, +0.044,+0.936
1707510840,+3.45, +5.116, +0.846,+0.939
1707511440,+3.45, +5.096, +0.159,+0.937
1707512040,+3.45, +5.076, +0.058,+0.936
1707512640,+3.45, +5.106, +0.048,+0.936
1707513240,+3.45, +5.106, +0.046,+0.936
1707513840,+3.45, +5.106, +0.047,+0.936
1707514440,+3.45, +5.086, +0.047,+0.936
1707515040,+3.45, +5.106, +0.046,+0.936
1707515640,+3.45, +5.096, +0.045,+0.936
1707516240,+3.45, +5.076, +0.046,+0.936
1707516840,+3.45, +5.096, +0.045,+0.936
1707517440,+3.45, +5.086, +0.046,+0.936
1707518040,+3.45, +5.076, +0.046,+0.936
1707518640,+3.45, +5.096, +0.046,+0.936
1707519240,+3.45, +5.076, +0.046,+0.936
1707519840,+3.45, +5.096, +0.045,+0.936
1707520440,+3.45, +5.066, +0.046,+0.936
1707521040,+3.45, +5.086, +0.045,+0.936
1707521640,+3.45, +5.076, +0.046,+0.936
1707522240,+3.45, +5.066, +0.046,+0.936
1707522840,+3.45, +5.076, +0.046,+0.936
1707523440,+3.45, +5.086, +0.045,+0.936
1707524040,+3.45, +5.096, +0.046,+0.936
1707524640,+3.45, +5.096, +0.045,+0.936
1707525240,+3.45, +5.096, +1.390,+0.940
1707525840,+3.45, +5.106, +0.349,+0.938
1707526440,+3.45, +5.096, +0.119,+0.937
1707527040,+3.45, +5.116, +0.056,+0.936
1707527640,+3.45, +5.106, +0.049,+0.936
1707528240,+3.45, +5.106, +0.047,+0.936
1707528840,+3.45, +5.116, +0.047,+0.936
1707529440,+3.45, +5.126, +0.046,+0.936
1707530040,+3.45, +5.136, +0.046,+0.936
1707530640,+3.45, +5.146, +0.046,+0.936
1707531240,+3.45, +5.146, +0.046,+0.936
1707531840,+3.45, +5.136, +0.047,+0.936
1707532440,+3.45, +5.136, +0.046,+0.936
1707533040,+3.45, +5.126, +0.047,+0.936
1707533640,+3.45, +5.146, +0.046,+0.936
1707534240,+3.45, +5.136, +0.045,+0.936
1707534840,+3.45, +5.126, +0.045,+0.936
