7450-055639
OS REV: 1.05 Sensor Cal: 1624981093
Time (sec),  BV (Volts),  T (deg C),  DO (mg/l),  Q ()
1704925440,+3.45, +4.028,+11.290,+0.950
1704926040,+3.45, +4.028,+11.295,+0.950
1704926640,+3.45, +3.988,+11.296,+0.950
1704927240,+3.45, +4.008,+11.285,+0.950
1704927840,+3.45, +4.008,+11.282,+0.950
1704928440,+3.45, +4.028,+11.262,+0.950
1704929040,+3.45, +4.039,+11.271,+0.951
1704929640,+3.45, +4.039,+11.285,+0.950
1704930240,+3.45, +4.008,+11.283,+0.950
1704930840,+3.45, +3.998,+11.266,+0.950
1704931440,+3.45, +4.018,+11.267,+0.950
1704932040,+3.45, +4.008,+11.266,+0.950
1704932640,+3.45, +4.018,+11.247,+0.950
1704933240,+3.45, +4.028,+11.250,+0.950
1704933840,+3.45, +4.028,+11.244,+0.950
1704934440,+3.45, +4.008,+11.240,+0.950
1704935040,+3.45, +4.008,+11.249,+0.950
1704935640,+3.45, +4.008,+11.254,+0.950
1704936240,+3.45, +4.018,+11.246,+0.950
1704936840,+3.45, +3.998,+11.255,+0.950
1704937440,+3.45, +4.008,+11.235,+0.950
1704938040,+3.45, +4.008,+11.246,+0.950
1704938640,+3.45, +3.998,+11.268,+0.951
1704939240,+3.45, +3.998,+11.249,+0.950
1704939840,+3.45, +4.028,+11.210,+0.950
1704940440,+3.45, +4.049,+11.182,+0.950
1704941040,+3.45, +4.059,+11.119,+0.950
1704941640,+3.45, +4.079,+11.097,+0.950
1704942240,+3.45, +4.079,+11.070,+0.950
1704942840,+3.45, +4.089,+11.065,+0.950
1704943440,+3.45, +4.059,+11.098,+0.950
1704944040,+3.45, +4.069,+11.095,+0.950
1704944640,+3.45, +4.018,+11.196,+0.950
1704945240,+3.45, +3.977,+11.207,+0.950
1704945840,+3.45, +4.018,+11.204,+0.950
1704946440,+3.45, +4.008,+11.207,+0.950
1704947040,+3.45, +3.998,+11.186,+0.950
1704947640,+3.45, +3.947,+11.209,+0.950
1704948240,+3.45, +3.957,+11.191,+0.950
1704948840,+3.45, +3.926,+11.210,+0.950
1704949440,+3.45, +3.916,+11.218,+0.950
1704950040,+3.45, +3.906,+11.198,+0.950
1704950640,+3.45, +3.916,+11.187,+0.950
1704951240,+3.45, +3.937,+11.185,+0.950
1704951840,+3.45, +3.896,+11.188,+0.950
1704952440,+3.45, +3.875,+11.201,+0.950
1704953040,+3.45, +3.916,+11.199,+0.950
1704953640,+3.45, +3.916,+11.196,+0.950
1704954240,+3.45, +3.886,+11.202,+0.950
1704954840,+3.44, +3.865,+11.184,+0.950
1704955440,+3.44, +3.845,+11.177,+0.950
1704956040,+3.44, +3.824,+11.204,+0.950
1704956640,+3.44, +3.814,+11.199,+0.950
1704957240,+3.44, +3.835,+11.065,+0.950
1704957840,+3.44, +3.794,+11.122,+0.950
1704958440,+3.44, +3.783,+11.128,+0.950
1704959040,+3.44, +3.773,+11.115,+0.950
1704959640,+3.44, +3.804,+11.142,+0.950
1704960240,+3.44, +3.783,+11.155,+0.950
1704960840,+3.44, +3.783,+11.163,+0.950
1704961440,+3.44, +3.783,+11.164,+0.950
1704962040,+3.44, +3.794,+11.152,+0.950
1704962640,+3.44, +3.783,+11.158,+0.950
1704963240,+3.44, +3.773,+11.151,+0.950
1704963840,+3.44, +3.804,+11.141,+0.950
1704964440,+3.44, +3.783,+11.155,+0.950
1704965040,+3.44, +3.763,+11.147,+0.950
1704965640,+3.44, +3.783,+11.142,+0.950
1704966240,+3.44, +3.763,+11.144,+0.950
1704966840,+3.44, +3.753,+11.132,+0.950
1704967440,+3.44, +3.763,+11.126,+0.950
1704968040,+3.44, +3.783,+11.121,+0.950
1704968640,+3.44, +3.814,+11.107,+0.951
1704969240,+3.44, +3.773,+11.105,+0.950
1704969840,+3.44, +3.783,+11.091,+0.950
1704970440,+3.44, +3.763,+11.084,+0.950
1704971040,+3.44, +3.794,+11.087,+0.950
1704971640,+3.44, +3.773,+11.091,+0.950
1704972240,+3.44, +3.773,+11.094,+0.950
1704972840,+3.44, +3.794,+11.078,+0.950
1704973440,+3.44, +3.794,+11.083,+0.950
1704974040,+3.44, +3.804,+11.054,+0.950
1704974640,+3.44, +3.783,+11.055,+0.950
1704975240,+3.44, +3.804,+11.026,+0.950
1704975840,+3.44, +3.763,+11.062,+0.950
1704976440,+3.44, +3.763,+11.047,+0.950
1704977040,+3.44, +3.753,+11.039,+0.950
1704977640,+3.44, +3.763,+11.049,+0.950
1704978240,+3.44, +3.743,+11.043,+0.950
1704978840,+3.44, +3.743,+11.032,+0.950
1704979440,+3.44, +3.712,+11.046,+0.950
1704980040,+3.44, +3.712,+11.049,+0.950
1704980640,+3.44, +3.702,+11.058,+0.950
1704981240,+3.44, +3.722,+11.052,+0.950
1704981840,+3.44, +3.702,+11.045,+0.950
1704982440,+3.44, +3.722,+11.038,+0.950
1704983040,+3.44, +3.722,+11.043,+0.950
1704983640,+3.44, +3.722,+11.006,+0.950
1704984240,+3.44, +3.722,+11.033,+0.950
1704984840,+3.44, +3.753,+11.030,+0.950
1704985440,+3.44, +3.743,+11.039,+0.950
1704986040,+3.44, +3.722,+11.047,+0.950
1704986640,+3.44, +3.743,+11.067,+0.950
1704987240,+3.44, +3.743,+11.039,+0.950
1704987840,+3.44, +3.773,+11.022,+0.950
1704988440,+3.44, +3.753,+11.043,+0.950
1704989040,+3.44, +3.763,+11.066,+0.950
1704989640,+3.44, +3.732,+11.073,+0.950
1704990240,+3.44, +3.753,+11.096,+0.950
1704990840,+3.44, +3.794,+11.050,+0.950
1704991440,+3.44, +3.773,+11.014,+0.950
1704992040,+3.44, +3.783,+11.036,+0.950
1704992640,+3.44, +3.835,+11.083,+0.950
1704993240,+3.45, +3.916,+11.109,+0.950
1704993840,+3.45, +3.988,+11.108,+0.951
1704994440,+3.45, +3.937,+11.135,+0.950
1704995040,+3.45, +3.947,+11.132,+0.950
1704995640,+3.45, +3.906,+11.153,+0.950
1704996240,+3.45, +3.926,+11.155,+0.950
1704996840,+3.45, +3.896,+11.177,+0.950
1704997440,+3.45, +3.906,+11.183,+0.950
1704998040,+3.45, +3.926,+11.222,+0.950
1704998640,+3.45, +3.886,+11.257,+0.950
1704999240,+3.45, +3.967,+11.184,+0.950
1704999840,+3.45, +3.988,+11.246,+0.950
1705000440,+3.45, +4.028,+11.235,+0.950
1705001040,+3.45, +4.028,+11.235,+0.950
1705001640,+3.45, +4.028,+11.252,+0.950
1705002240,+3.45, +4.028,+11.255,+0.950
1705002840,+3.45, +4.039,+11.239,+0.950
1705003440,+3.45, +4.069,+11.251,+0.950
1705004040,+3.45, +4.049,+11.260,+0.950
1705004640,+3.45, +4.130,+11.268,+0.950
1705005240,+3.45, +4.150,+11.257,+0.950
1705005840,+3.45, +4.140,+11.262,+0.950
1705006440,+3.45, +4.089,+11.258,+0.951
1705007040,+3.45, +4.150,+11.234,+0.950
1705007640,+3.45, +4.130,+11.256,+0.950
1705008240,+3.45, +4.150,+11.255,+0.950
1705008840,+3.45, +4.181,+11.227,+0.950
1705009440,+3.45, +4.140,+11.227,+0.950
1705010040,+3.45, +4.140,+11.184,+0.950
1705010640,+3.45, +4.130,+11.178,+0.950
1705011240,+3.45, +4.120,+11.119,+0.950
1705011840,+3.45, +4.110,+11.141,+0.950
