18200005_350_0x0100_spectro::lyser_RIV1000FV22T	results of s::canpoint: ORIGINAL                            
Date/Time	Status	Turbid. [FTUeq]200.00-0.00_2	[Turbid._0.0_1.0_0.0_0.0]	NO3eq [mg/l]65.71-0.00_2	[NO3eq_0.0_1.0_0.0_0.0]	TOCeq [mg/l]30.00-0.00_2	[TOCeq_0.0_1.0_0.0_0.0]	DOCeq [mg/l]25.71-0.00_2	[DOCeq_0.0_1.0_0.0_0.0]	UV254t [Abs/m]71.43-0.00_2	[UV254t_0.0_1.0_0.0_0.0]	UV436f [Abs/m]60.00-0.00_2	[UV436f_0.0_1.0_0.0_0.0]	Temp. [°C]NaN-NaN_2	[Temp._0.0_1.0_0.0_0.0]	empty []NaN-NaN_2	[empty_0.0_1.0_0.0_0.0]
2022.06.23  17:02:28	Ok	9.128	0	0.256	0	5.749	0	2.575	0	13.734	0	0.179	0	NaN	-14	NaN	NaN
2022.06.23  17:32:28	Ok	9.425	0	0.259	0	5.778	0	2.557	0	13.803	0	0.188	0	NaN	-14	NaN	NaN
2022.06.23  18:02:28	Ok	12.510	0	0.313	0	6.249	0	2.385	0	14.928	0	0.173	0	NaN	-14	NaN	NaN
2022.06.23  18:32:28	Ok	11.259	0	0.312	0	6.060	0	2.454	0	14.482	0	0.179	0	NaN	-14	NaN	NaN
2022.06.23  19:02:28	Ok	13.903	0	0.335	0	6.495	0	2.395	0	15.515	0	0.151	0	NaN	-14	NaN	NaN
2022.06.23  19:32:28	Ok	15.480	0	0.377	0	6.798	0	2.308	0	16.241	0	0.161	0	NaN	-14	NaN	NaN
2022.06.23  20:02:28	Ok	14.897	0	0.364	0	6.701	0	2.303	0	16.004	0	0.169	0	NaN	-14	NaN	NaN
2022.06.23  20:32:28	Ok	15.665	0	0.391	0	6.850	0	2.260	0	16.362	0	0.164	0	NaN	-14	NaN	NaN
2022.06.23  21:02:28	Ok	15.890	0	0.358	0	6.879	0	2.268	0	16.430	0	0.164	0	NaN	-14	NaN	NaN
2022.06.23  21:32:28	Ok	17.319	0	0.434	0	7.221	0	2.217	0	17.249	0	0.167	0	NaN	-14	NaN	NaN
2022.06.23  22:02:28	Ok	18.538	0	0.433	0	7.394	0	2.198	0	17.662	0	0.159	0	NaN	-14	NaN	NaN
2022.06.23  22:32:28	Ok	17.658	0	0.400	0	7.192	0	2.228	0	17.186	0	0.163	0	NaN	-14	NaN	NaN
2022.06.23  23:02:28	Ok	16.447	0	0.388	0	6.987	0	2.235	0	16.689	0	0.165	0	NaN	-14	NaN	NaN
2022.06.23  23:32:28	Ok	15.541	0	0.371	0	6.735	0	2.238	0	16.094	0	0.163	0	NaN	-14	NaN	NaN
2022.06.24  00:02:28	Ok	15.468	0	0.391	0	6.756	0	2.275	0	16.148	0	0.167	0	NaN	-14	NaN	NaN
2022.06.24  00:32:28	Ok	15.739	0	0.367	0	6.808	0	2.236	0	16.260	0	0.166	0	NaN	-14	NaN	NaN
2022.06.24  01:02:28	Ok	13.881	0	0.363	0	6.513	0	2.329	0	15.559	0	0.176	0	NaN	-14	NaN	NaN
2022.06.24  01:32:28	Ok	13.799	0	0.364	0	6.476	0	2.331	0	15.476	0	0.177	0	NaN	-14	NaN	NaN
2022.06.24  02:02:28	Ok	14.770	0	0.365	0	6.609	0	2.270	0	15.788	0	0.167	0	NaN	-14	NaN	NaN
2022.06.24  02:32:28	Ok	14.936	0	0.334	0	6.595	0	2.300	0	15.756	0	0.165	0	NaN	-14	NaN	NaN
2022.06.24  03:02:28	Ok	18.011	0	0.447	0	7.226	0	2.121	0	17.259	0	0.162	0	NaN	-14	NaN	NaN
2022.06.24  03:32:28	Ok	12.955	0	0.303	0	6.239	0	2.408	0	14.898	0	0.176	0	NaN	-14	NaN	NaN
2022.06.24  04:02:28	Ok	15.067	0	0.383	0	6.733	0	2.257	0	16.083	0	0.175	0	NaN	-14	NaN	NaN
2022.06.24  04:32:28	Ok	16.795	0	0.412	0	7.023	0	2.178	0	16.770	0	0.169	0	NaN	-14	NaN	NaN
2022.06.24  05:02:28	Ok	15.987	0	0.383	0	6.814	0	2.294	0	16.279	0	0.178	0	NaN	-14	NaN	NaN
2022.06.24  05:32:28	Ok	15.017	0	0.399	0	6.673	0	2.244	0	15.948	0	0.172	0	NaN	-14	NaN	NaN
2022.06.24  06:02:28	Ok	14.702	0	0.359	0	6.592	0	2.273	0	15.747	0	0.171	0	NaN	-14	NaN	NaN
2022.06.24  06:32:28	Ok	15.654	0	0.391	0	6.740	0	2.247	0	16.099	0	0.168	0	NaN	-14	NaN	NaN
2022.06.24  07:02:28	Ok	15.752	0	0.356	0	6.737	0	2.252	0	16.088	0	0.166	0	NaN	-14	NaN	NaN
2022.06.24  07:32:28	Ok	16.111	0	0.385	0	6.816	0	2.220	0	16.276	0	0.162	0	NaN	-14	NaN	NaN
2022.06.24  08:02:28	Ok	16.871	0	0.394	0	6.954	0	2.209	0	16.608	0	0.167	0	NaN	-14	NaN	NaN
2022.06.24  08:32:28	Ok	17.017	0	0.442	0	6.993	0	2.152	0	16.701	0	0.160	0	NaN	-14	NaN	NaN
2022.06.24  09:02:28	Ok	16.851	0	0.430	0	6.905	0	2.233	0	16.489	0	0.164	0	NaN	-14	NaN	NaN
2022.06.24  09:32:28	Ok	14.283	0	0.383	0	6.509	0	2.303	0	15.548	0	0.172	0	NaN	-14	NaN	NaN
2022.06.24  10:02:28	Ok	9.147	0	0.279	0	5.708	0	2.539	0	13.637	0	0.183	0	NaN	-14	NaN	NaN
2022.06.24  10:32:28	Ok	10.347	0	0.294	0	5.905	0	2.426	0	14.107	0	0.184	0	NaN	-14	NaN	NaN
2022.06.24  11:02:28	Ok	13.280	0	0.357	0	6.280	0	2.319	0	15.007	0	0.169	0	NaN	-14	NaN	NaN
2022.06.24  11:32:28	Ok	10.123	0	0.291	0	5.828	0	2.488	0	13.928	0	0.175	0	NaN	-14	NaN	NaN
2022.06.24  12:02:28	Ok	11.077	0	0.304	0	5.992	0	2.377	0	14.314	0	0.177	0	NaN	-14	NaN	NaN
2022.06.24  12:32:28	Ok	11.095	0	0.343	0	6.078	0	2.438	0	14.521	0	0.187	0	NaN	-14	NaN	NaN
2022.06.24  13:02:28	Ok	13.419	0	0.336	0	6.362	0	2.274	0	15.194	0	0.165	0	NaN	-14	NaN	NaN
2022.06.24  13:32:28	Ok	15.393	0	0.411	0	6.692	0	2.210	0	15.990	0	0.166	0	NaN	-14	NaN	NaN
2022.06.24  14:02:28	Ok	13.073	0	0.357	0	6.341	0	2.279	0	15.148	0	0.178	0	NaN	-14	NaN	NaN
2022.06.24  14:32:28	Ok	12.213	0	0.356	0	6.201	0	2.351	0	14.813	0	0.176	0	NaN	-14	NaN	NaN
2022.06.24  15:02:28	Ok	18.237	0	0.467	0	7.214	0	2.052	0	17.224	0	0.156	0	NaN	-14	NaN	NaN
2022.06.24  15:32:28	Ok	18.491	0	0.476	0	7.255	0	2.045	0	17.328	0	0.161	0	NaN	-14	NaN	NaN
2022.06.24  16:02:28	Ok	17.432	0	0.438	0	7.073	0	2.111	0	16.893	0	0.173	0	NaN	-14	NaN	NaN
2022.06.24  16:32:28	Ok	12.559	0	0.347	0	6.257	0	2.318	0	14.947	0	0.179	0	NaN	-14	NaN	NaN
2022.06.24  17:02:28	Ok	12.875	0	0.345	0	6.317	0	2.301	0	15.088	0	0.193	0	NaN	-14	NaN	NaN
2022.06.24  17:32:28	Ok	14.048	0	0.371	0	6.496	0	2.229	0	15.518	0	0.180	0	NaN	-14	NaN	NaN
2022.06.24  18:02:28	Ok	17.092	0	0.453	0	7.045	0	2.081	0	16.823	0	0.174	0	NaN	-14	NaN	NaN
2022.06.24  18:32:28	Ok	17.402	0	0.455	0	7.103	0	2.055	0	16.961	0	0.174	0	NaN	-14	NaN	NaN
2022.06.24  19:02:28	Ok	14.320	0	0.347	0	6.480	0	2.235	0	15.486	0	0.182	0	NaN	-14	NaN	NaN
2022.06.24  19:32:28	Ok	19.064	0	0.482	0	7.450	0	2.012	0	17.793	0	0.175	0	NaN	-14	NaN	NaN
2022.06.24  20:02:28	Ok	13.928	0	0.332	0	6.367	0	2.257	0	15.203	0	0.170	0	NaN	-14	NaN	NaN
2022.06.24  20:32:28	Ok	13.539	0	0.353	0	6.384	0	2.246	0	15.244	0	0.174	0	NaN	-14	NaN	NaN
2022.06.24  21:02:28	Ok	11.098	0	0.291	0	6.008	0	2.361	0	14.348	0	0.183	0	NaN	-14	NaN	NaN
2022.06.24  21:32:28	Ok	10.973	0	0.282	0	6.027	0	2.354	0	14.393	0	0.184	0	NaN	-14	NaN	NaN
2022.06.24  22:02:28	Ok	11.434	0	0.270	0	6.045	0	2.349	0	14.438	0	0.183	0	NaN	-14	NaN	NaN
2022.06.24  22:32:28	Ok	11.642	0	0.318	0	6.124	0	2.321	0	14.629	0	0.196	0	NaN	-14	NaN	NaN
2022.06.24  23:02:28	Ok	10.269	0	0.272	0	5.923	0	2.358	0	14.145	0	0.187	0	NaN	-14	NaN	NaN
2022.06.24  23:32:28	Ok	9.345	0	0.271	0	5.706	0	2.418	0	13.628	0	0.186	0	NaN	-14	NaN	NaN
2022.06.25  00:02:28	Ok	10.750	0	0.296	0	5.937	0	2.394	0	14.186	0	0.187	0	NaN	-14	NaN	NaN
2022.06.25  00:32:28	Ok	14.038	0	0.342	0	6.517	0	2.228	0	15.569	0	0.184	0	NaN	-14	NaN	NaN
2022.06.25  01:02:28	Ok	15.923	0	0.420	0	6.871	0	2.132	0	16.416	0	0.177	0	NaN	-14	NaN	NaN
2022.06.25  01:32:28	Ok	15.828	0	0.386	0	6.777	0	2.152	0	16.201	0	0.181	0	NaN	-14	NaN	NaN
2022.06.25  02:02:28	Ok	15.891	0	0.407	0	6.845	0	2.138	0	16.359	0	0.185	0	NaN	-14	NaN	NaN
2022.06.25  02:32:28	Ok	15.233	0	0.354	0	6.659	0	2.187	0	15.909	0	0.177	0	NaN	-14	NaN	NaN
2022.06.25  03:02:28	Ok	16.152	0	0.373	0	6.887	0	2.095	0	16.450	0	0.174	0	NaN	-14	NaN	NaN
2022.06.25  03:32:28	Ok	13.911	0	0.305	0	6.450	0	2.223	0	15.412	0	0.188	0	NaN	-14	NaN	NaN
2022.06.25  04:02:28	Ok	15.212	0	0.333	0	6.709	0	2.139	0	16.030	0	0.186	0	NaN	-14	NaN	NaN
2022.06.25  04:32:28	Ok	15.314	0	0.371	0	6.750	0	2.163	0	16.128	0	0.189	0	NaN	-14	NaN	NaN
2022.06.25  05:02:28	Ok	15.610	0	0.336	0	6.781	0	2.145	0	16.201	0	0.184	0	NaN	-14	NaN	NaN
2022.06.25  05:32:28	Ok	16.813	0	0.359	0	7.031	0	2.081	0	16.800	0	0.195	0	NaN	-14	NaN	NaN
2022.06.25  06:02:28	Ok	15.963	0	0.384	0	6.874	0	2.150	0	16.425	0	0.196	0	NaN	-14	NaN	NaN
2022.06.25  06:32:28	Ok	16.376	0	0.383	0	6.883	0	2.138	0	16.458	0	0.180	0	NaN	-14	NaN	NaN
2022.06.25  07:02:28	Ok	16.402	0	0.397	0	6.861	0	2.087	0	16.412	0	0.181	0	NaN	-14	NaN	NaN
2022.06.25  07:32:28	Ok	16.951	0	0.427	0	6.988	0	2.066	0	16.708	0	0.189	0	NaN	-14	NaN	NaN
2022.06.25  08:02:28	Ok	16.177	0	0.369	0	6.822	0	2.118	0	16.310	0	0.182	0	NaN	-14	NaN	NaN
2022.06.25  08:32:28	Ok	8.027	0	0.289	0	5.309	0	2.443	0	12.683	0	0.172	0	NaN	-14	NaN	NaN
2022.06.25  09:02:28	Ok	7.080	0	0.256	0	5.126	0	2.444	0	12.248	0	0.170	0	NaN	-14	NaN	NaN
2022.06.25  09:32:28	Ok	5.533	0	0.181	0	4.799	0	2.498	0	11.467	0	0.169	0	NaN	-14	NaN	NaN
2022.06.25  10:02:28	Ok	6.848	0	0.260	0	5.116	0	2.460	0	12.217	0	0.182	0	NaN	-14	NaN	NaN
2022.06.25  10:32:28	Ok	7.330	0	0.267	0	5.190	0	2.413	0	12.390	0	0.179	0	NaN	-14	NaN	NaN
2022.06.25  11:02:28	Ok	7.256	0	0.208	0	5.235	0	2.466	0	12.495	0	0.176	0	NaN	-14	NaN	NaN
2022.06.25  11:32:28	Ok	9.542	0	0.306	0	5.668	0	2.364	0	13.537	0	0.174	0	NaN	-14	NaN	NaN
2022.06.25  12:02:28	Ok	12.566	0	0.420	0	6.211	0	2.280	0	14.838	0	0.174	0	NaN	-14	NaN	NaN
2022.06.25  12:32:28	Ok	15.044	0	0.473	0	6.647	0	2.182	0	15.877	0	0.174	0	NaN	-14	NaN	NaN
2022.06.25  13:02:28	Ok	15.911	0	0.514	0	6.835	0	2.148	0	16.326	0	0.166	0	NaN	-14	NaN	NaN
2022.06.25  13:32:28	Ok	12.059	0	0.413	0	6.018	0	2.263	0	14.376	0	0.164	0	NaN	-14	NaN	NaN
2022.06.25  14:02:28	Ok	16.252	0	0.493	0	6.842	0	2.160	0	16.342	0	0.165	0	NaN	-14	NaN	NaN
2022.06.25  14:32:28	Ok	13.776	0	0.415	0	6.326	0	2.206	0	15.114	0	0.167	0	NaN	-14	NaN	NaN
2022.06.25  15:02:28	Ok	11.120	0	0.351	0	5.843	0	2.294	0	13.961	0	0.170	0	NaN	-14	NaN	NaN
2022.06.25  15:32:28	Ok	8.902	0	0.290	0	5.407	0	2.364	0	12.924	0	0.173	0	NaN	-14	NaN	NaN
2022.06.25  16:02:28	Ok	12.029	0	0.392	0	5.986	0	2.245	0	14.303	0	0.166	0	NaN	-14	NaN	NaN
2022.06.25  16:32:28	Ok	12.599	0	0.380	0	6.122	0	2.237	0	14.621	0	0.174	0	NaN	-14	NaN	NaN
2022.06.25  17:02:28	Ok	13.598	0	0.449	0	6.331	0	2.248	0	15.125	0	0.167	0	NaN	-14	NaN	NaN
2022.06.25  17:32:28	Ok	10.315	0	0.335	0	5.681	0	2.318	0	13.573	0	0.174	0	NaN	-14	NaN	NaN
2022.06.25  18:02:28	Ok	15.802	0	0.477	0	6.784	0	2.165	0	16.201	0	0.171	0	NaN	-14	NaN	NaN
2022.06.25  18:32:28	Ok	14.665	0	0.423	0	6.528	0	2.195	0	15.589	0	0.172	0	NaN	-14	NaN	NaN
2022.06.25  19:02:28	Ok	11.809	0	0.369	0	6.011	0	2.251	0	14.359	0	0.185	0	NaN	-14	NaN	NaN
2022.06.25  19:32:28	Ok	8.348	0	0.241	0	5.289	0	2.304	0	12.634	0	0.179	0	NaN	-14	NaN	NaN
2022.06.25  20:02:28	Ok	8.654	0	0.259	0	5.414	0	2.287	0	12.929	0	0.181	0	NaN	-14	NaN	NaN
2022.06.25  20:32:28	Ok	6.672	0	0.187	0	4.983	0	2.382	0	11.902	0	0.165	0	NaN	-14	NaN	NaN
2022.06.25  21:02:28	Ok	7.396	0	0.219	0	5.154	0	2.371	0	12.307	0	0.173	0	NaN	-14	NaN	NaN
2022.06.25  21:32:28	Ok	7.226	0	0.192	0	5.122	0	2.354	0	12.225	0	0.167	0	NaN	-14	NaN	NaN
2022.06.25  22:02:28	Ok	6.152	0	0.204	0	4.952	0	2.430	0	11.832	0	0.180	0	NaN	-14	NaN	NaN
2022.06.25  22:32:28	Ok	6.619	0	0.214	0	5.075	0	2.398	0	12.119	0	0.183	0	NaN	-14	NaN	NaN
2022.06.25  23:02:28	Ok	8.297	0	0.252	0	5.319	0	2.311	0	12.697	0	0.182	0	NaN	-14	NaN	NaN
2022.06.25  23:32:28	Ok	8.879	0	0.273	0	5.390	0	2.266	0	12.869	0	0.173	0	NaN	-14	NaN	NaN
2022.06.26  00:02:28	Ok	9.534	0	0.258	0	5.535	0	2.249	0	13.217	0	0.174	0	NaN	-14	NaN	NaN
2022.06.26  00:32:28	Ok	10.341	0	0.364	0	5.734	0	2.260	0	13.697	0	0.183	0	NaN	-14	NaN	NaN
2022.06.26  01:02:28	Ok	11.440	0	0.335	0	5.974	0	2.204	0	14.262	0	0.183	0	NaN	-14	NaN	NaN
2022.06.26  01:32:28	Ok	11.638	0	0.382	0	5.935	0	2.233	0	14.174	0	0.172	0	NaN	-14	NaN	NaN
2022.06.26  02:02:28	Ok	11.714	0	0.373	0	6.005	0	2.217	0	14.340	0	0.190	0	NaN	-14	NaN	NaN
2022.06.26  02:32:28	Ok	12.271	0	0.362	0	6.112	0	2.192	0	14.576	0	0.181	0	NaN	-14	NaN	NaN
2022.06.26  03:02:28	Ok	12.779	0	0.384	0	6.241	0	2.152	0	14.891	0	0.184	0	NaN	-14	NaN	NaN
2022.06.26  03:32:28	Ok	11.561	0	0.378	0	5.845	0	2.234	0	13.944	0	0.172	0	NaN	-14	NaN	NaN
2022.06.26  04:02:28	Ok	11.611	0	0.365	0	5.848	0	2.239	0	13.966	0	0.167	0	NaN	-14	NaN	NaN
2022.06.26  04:32:28	Ok	11.911	0	0.369	0	5.983	0	2.209	0	14.289	0	0.176	0	NaN	-14	NaN	NaN
2022.06.26  05:02:28	Ok	12.489	0	0.392	0	6.075	0	2.198	0	14.502	0	0.175	0	NaN	-14	NaN	NaN
