18200005_350_0x0100_spectro::lyser_RIV1000FV22T	results of s::canpoint: ORIGINAL                            
Date/Time	Status	Turbid. [FTUeq]200.00-0.00_2	[Turbid._0.0_1.0_0.0_0.0]	NO3eq [mg/l]65.71-0.00_2	[NO3eq_0.0_1.0_0.0_0.0]	TOCeq [mg/l]30.00-0.00_2	[TOCeq_0.0_1.0_0.0_0.0]	DOCeq [mg/l]25.71-0.00_2	[DOCeq_0.0_1.0_0.0_0.0]	UV254t [Abs/m]71.43-0.00_2	[UV254t_0.0_1.0_0.0_0.0]	UV436f [Abs/m]60.00-0.00_2	[UV436f_0.0_1.0_0.0_0.0]	Temp. [°C]NaN-NaN_2	[Temp._0.0_1.0_0.0_0.0]	empty []NaN-NaN_2	[empty_0.0_1.0_0.0_0.0]
2023.09.29  21:56:31	Ok	16.522	0	0.332	0	5.838	0	1.544	0	13.958	0	0.152	0	NaN	-14	NaN	NaN
2023.09.29  22:26:31	Ok	18.067	0	0.308	0	6.072	0	1.514	0	14.506	0	0.147	0	NaN	-14	NaN	NaN
2023.09.29  22:56:31	Ok	19.273	0	0.342	0	6.192	0	1.505	0	14.788	0	0.150	0	NaN	-14	NaN	NaN
2023.09.29  23:26:31	Ok	19.867	0	0.346	0	6.355	0	1.536	0	15.169	0	0.150	0	NaN	-14	NaN	NaN
2023.09.29  23:56:31	Ok	19.963	0	0.364	0	6.365	0	1.510	0	15.202	0	0.155	0	NaN	-14	NaN	NaN
2023.09.30  00:26:31	Ok	20.008	0	0.352	0	6.406	0	1.554	0	15.299	0	0.161	0	NaN	-14	NaN	NaN
2023.09.30  00:56:31	Ok	20.488	0	0.334	0	6.536	0	1.510	0	15.614	0	0.157	0	NaN	-14	NaN	NaN
2023.09.30  01:26:31	Ok	19.176	0	0.329	0	6.169	0	1.515	0	14.745	0	0.147	0	NaN	-14	NaN	NaN
2023.09.30  01:56:31	Ok	19.175	0	0.354	0	6.202	0	1.519	0	14.818	0	0.148	0	NaN	-14	NaN	NaN
2023.09.30  02:26:31	Ok	17.650	0	0.358	0	5.962	0	1.565	0	14.224	0	0.143	0	NaN	-14	NaN	NaN
2023.09.30  02:56:31	Ok	16.810	0	0.320	0	5.527	0	1.476	0	13.187	0	0.136	0	NaN	-14	NaN	NaN
2023.09.30  03:26:31	Ok	18.457	0	0.396	0	6.021	0	1.518	0	14.361	0	0.151	0	NaN	-14	NaN	NaN
2023.09.30  03:56:31	Ok	19.100	0	0.382	0	6.179	0	1.496	0	14.742	0	0.160	0	NaN	-14	NaN	NaN
2023.09.30  04:26:31	Ok	19.898	0	0.383	0	6.288	0	1.449	0	15.006	0	0.154	0	NaN	-14	NaN	NaN
2023.09.30  04:56:31	Ok	20.198	0	0.373	0	6.347	0	1.407	0	15.140	0	0.151	0	NaN	-14	NaN	NaN
2023.09.30  05:26:31	Ok	21.774	0	0.440	0	6.701	0	1.428	0	15.988	0	0.156	0	NaN	-14	NaN	NaN
2023.09.30  05:56:31	Ok	21.718	0	0.400	0	6.641	0	1.361	0	15.846	0	0.154	0	NaN	-14	NaN	NaN
2023.09.30  06:26:31	Ok	14.027	0	0.285	0	5.073	0	1.719	0	12.110	0	0.115	0	NaN	-14	NaN	NaN
2023.09.30  06:56:31	Ok	14.769	0	0.322	0	5.329	0	1.743	0	12.722	0	0.129	0	NaN	-14	NaN	NaN
2023.09.30  07:26:31	Ok	15.274	0	0.324	0	5.478	0	1.731	0	13.079	0	0.135	0	NaN	-14	NaN	NaN
2023.09.30  07:56:31	Ok	15.305	0	0.310	0	5.459	0	1.759	0	13.034	0	0.126	0	NaN	-14	NaN	NaN
2023.09.30  08:26:31	Ok	13.002	0	0.274	0	4.851	0	1.739	0	11.591	0	0.113	0	NaN	-14	NaN	NaN
2023.09.30  08:56:31	Ok	13.047	0	0.300	0	4.888	0	1.779	0	11.688	0	0.120	0	NaN	-14	NaN	NaN
2023.09.30  09:26:31	Ok	13.103	0	0.298	0	5.018	0	1.827	0	11.995	0	0.121	0	NaN	-14	NaN	NaN
2023.09.30  09:56:31	Ok	12.754	0	0.280	0	4.965	0	1.858	0	11.857	0	0.115	0	NaN	-14	NaN	NaN
2023.09.30  10:26:31	Ok	12.619	0	0.270	0	4.872	0	1.827	0	11.639	0	0.107	0	NaN	-14	NaN	NaN
2023.09.30  10:56:31	Ok	10.741	0	0.239	0	4.529	0	1.898	0	10.808	0	0.102	0	NaN	-14	NaN	NaN
2023.09.30  11:26:31	Ok	10.394	0	0.303	0	4.655	0	2.026	0	11.121	0	0.125	0	NaN	-14	NaN	NaN
2023.09.30  11:56:31	Ok	9.084	0	0.260	0	4.476	0	2.078	0	10.684	0	0.122	0	NaN	-14	NaN	NaN
2023.09.30  12:26:31	Ok	9.185	0	0.242	0	4.561	0	2.113	0	10.890	0	0.133	0	NaN	-14	NaN	NaN
2023.09.30  12:56:31	Ok	8.782	0	0.232	0	4.504	0	2.148	0	10.750	0	0.135	0	NaN	-14	NaN	NaN
2023.09.30  13:26:31	Ok	8.592	0	0.260	0	4.373	0	2.102	0	10.440	0	0.128	0	NaN	-14	NaN	NaN
2023.09.30  13:56:31	Ok	9.046	0	0.275	0	4.444	0	2.059	0	10.605	0	0.121	0	NaN	-14	NaN	NaN
2023.09.30  14:26:31	Ok	8.920	0	0.272	0	4.451	0	2.087	0	10.628	0	0.133	0	NaN	-14	NaN	NaN
2023.09.30  14:56:31	Ok	9.100	0	0.249	0	4.465	0	2.052	0	10.655	0	0.124	0	NaN	-14	NaN	NaN
2023.09.30  15:26:31	Ok	9.996	0	0.274	0	4.606	0	2.016	0	10.991	0	0.126	0	NaN	-14	NaN	NaN
2023.09.30  15:56:31	Ok	9.752	0	0.268	0	4.609	0	2.037	0	11.006	0	0.120	0	NaN	-14	NaN	NaN
2023.09.30  16:26:31	Ok	10.345	0	0.268	0	4.743	0	2.014	0	11.314	0	0.127	0	NaN	-14	NaN	NaN
2023.09.30  16:56:31	Ok	10.378	0	0.244	0	4.576	0	1.964	0	10.924	0	0.121	0	NaN	-14	NaN	NaN
2023.09.30  17:26:31	Ok	9.617	0	0.241	0	4.549	0	2.058	0	10.859	0	0.129	0	NaN	-14	NaN	NaN
2023.09.30  17:56:31	Ok	10.155	0	0.275	0	4.714	0	2.023	0	11.254	0	0.128	0	NaN	-14	NaN	NaN
2023.09.30  18:26:31	Ok	9.632	0	0.209	0	4.513	0	2.030	0	10.769	0	0.122	0	NaN	-14	NaN	NaN
2023.09.30  18:56:31	Ok	9.775	0	0.222	0	4.473	0	1.965	0	10.693	0	0.125	0	NaN	-14	NaN	NaN
2023.09.30  19:26:31	Ok	11.246	0	0.289	0	4.732	0	1.922	0	11.304	0	0.135	0	NaN	-14	NaN	NaN
2023.09.30  19:56:31	Ok	11.662	0	0.312	0	4.944	0	1.917	0	11.800	0	0.133	0	NaN	-14	NaN	NaN
2023.09.30  20:26:31	Ok	11.708	0	0.287	0	4.890	0	1.885	0	11.676	0	0.128	0	NaN	-14	NaN	NaN
2023.09.30  20:56:31	Ok	11.055	0	0.276	0	4.587	0	1.821	0	10.956	0	0.125	0	NaN	-14	NaN	NaN
2023.09.30  21:26:31	Ok	11.814	0	0.330	0	4.837	0	1.834	0	11.554	0	0.133	0	NaN	-14	NaN	NaN
2023.09.30  21:56:31	Ok	12.360	0	0.310	0	4.959	0	1.812	0	11.845	0	0.131	0	NaN	-14	NaN	NaN
2023.09.30  22:26:31	Ok	13.323	0	0.332	0	5.141	0	1.736	0	12.285	0	0.138	0	NaN	-14	NaN	NaN
2023.09.30  22:56:31	Ok	13.201	0	0.319	0	5.097	0	1.743	0	12.180	0	0.131	0	NaN	-14	NaN	NaN
2023.09.30  23:26:31	Ok	14.140	0	0.354	0	5.385	0	1.770	0	12.861	0	0.139	0	NaN	-14	NaN	NaN
2023.09.30  23:56:31	Ok	14.580	0	0.396	0	5.495	0	1.746	0	13.126	0	0.154	0	NaN	-14	NaN	NaN
2023.10.01  00:26:31	Ok	15.568	0	0.375	0	5.599	0	1.636	0	13.382	0	0.152	0	NaN	-14	NaN	NaN
2023.10.01  00:56:31	Ok	15.893	0	0.395	0	5.650	0	1.626	0	13.501	0	0.151	0	NaN	-14	NaN	NaN
2023.10.01  01:26:31	Ok	12.497	0	0.325	0	5.012	0	1.858	0	11.973	0	0.129	0	NaN	-14	NaN	NaN
2023.10.01  01:56:31	Ok	12.286	0	0.335	0	4.918	0	1.833	0	11.750	0	0.129	0	NaN	-14	NaN	NaN
2023.10.01  02:26:31	Ok	13.044	0	0.323	0	5.106	0	1.829	0	12.201	0	0.138	0	NaN	-14	NaN	NaN
2023.10.01  02:56:31	Ok	12.698	0	0.327	0	4.899	0	1.787	0	11.707	0	0.134	0	NaN	-14	NaN	NaN
2023.10.01  03:26:31	Ok	13.670	0	0.377	0	5.277	0	1.782	0	12.602	0	0.137	0	NaN	-14	NaN	NaN
2023.10.01  03:56:31	Ok	13.272	0	0.369	0	5.257	0	1.838	0	12.542	0	0.139	0	NaN	-14	NaN	NaN
2023.10.01  04:26:31	Ok	12.226	0	0.320	0	5.026	0	1.855	0	12.002	0	0.132	0	NaN	-14	NaN	NaN
2023.10.01  04:56:31	Ok	12.075	0	0.324	0	4.874	0	1.833	0	11.640	0	0.136	0	NaN	-14	NaN	NaN
2023.10.01  05:26:31	Ok	12.368	0	0.345	0	4.935	0	1.803	0	11.797	0	0.127	0	NaN	-14	NaN	NaN
2023.10.01  05:56:31	Ok	13.398	0	0.363	0	5.175	0	1.829	0	12.365	0	0.140	0	NaN	-14	NaN	NaN
2023.10.01  06:26:31	Ok	11.530	0	0.312	0	4.816	0	1.901	0	11.488	0	0.111	0	NaN	-14	NaN	NaN
2023.10.01  06:56:31	Ok	11.067	0	0.274	0	4.611	0	1.892	0	11.008	0	0.114	0	NaN	-14	NaN	NaN
2023.10.01  07:26:31	Ok	11.364	0	0.306	0	4.785	0	1.875	0	11.420	0	0.121	0	NaN	-14	NaN	NaN
2023.10.01  07:56:31	Ok	11.958	0	0.283	0	4.760	0	1.803	0	11.371	0	0.108	0	NaN	-14	NaN	NaN
2023.10.01  08:26:31	Ok	13.055	0	0.311	0	5.097	0	1.845	0	12.171	0	0.123	0	NaN	-14	NaN	NaN
2023.10.01  08:56:31	Ok	12.811	0	0.292	0	5.016	0	1.797	0	11.972	0	0.126	0	NaN	-14	NaN	NaN
2023.10.01  09:26:31	Ok	11.948	0	0.281	0	4.813	0	1.851	0	11.488	0	0.119	0	NaN	-14	NaN	NaN
2023.10.01  09:56:31	Ok	12.975	0	0.314	0	5.030	0	1.814	0	12.011	0	0.123	0	NaN	-14	NaN	NaN
2023.10.01  10:26:31	Ok	12.390	0	0.314	0	4.899	0	1.857	0	11.692	0	0.116	0	NaN	-14	NaN	NaN
2023.10.01  10:56:31	Ok	11.676	0	0.332	0	4.841	0	1.877	0	11.554	0	0.123	0	NaN	-14	NaN	NaN
2023.10.01  11:26:31	Ok	11.738	0	0.322	0	4.851	0	1.885	0	11.579	0	0.124	0	NaN	-14	NaN	NaN
2023.10.01  11:56:31	Ok	8.594	0	0.279	0	4.337	0	2.028	0	10.359	0	0.122	0	NaN	-14	NaN	NaN
2023.10.01  12:26:31	Ok	9.876	0	0.284	0	4.545	0	2.019	0	10.861	0	0.126	0	NaN	-14	NaN	NaN
2023.10.01  12:56:31	Ok	9.393	0	0.273	0	4.511	0	2.085	0	10.775	0	0.127	0	NaN	-14	NaN	NaN
2023.10.01  13:26:31	Ok	6.713	0	0.263	0	4.172	0	2.094	0	9.961	0	0.124	0	NaN	-14	NaN	NaN
2023.10.01  13:56:31	Ok	6.948	0	0.275	0	4.191	0	2.080	0	10.004	0	0.125	0	NaN	-14	NaN	NaN
2023.10.01  14:26:31	Ok	9.755	0	0.554	0	5.854	0	2.878	0	13.973	0	0.146	0	NaN	-14	NaN	NaN
2023.10.01  14:56:31	Ok	6.472	0	0.264	0	4.113	0	2.141	0	9.820	0	0.124	0	NaN	-14	NaN	NaN
2023.10.01  15:26:31	Ok	7.313	0	0.259	0	4.216	0	2.036	0	10.065	0	0.117	0	NaN	-14	NaN	NaN
2023.10.01  15:56:31	Ok	7.000	0	0.264	0	4.151	0	2.025	0	9.913	0	0.115	0	NaN	-14	NaN	NaN
2023.10.01  16:26:31	Ok	7.510	0	0.283	0	4.217	0	1.996	0	10.063	0	0.114	0	NaN	-14	NaN	NaN
2023.10.01  16:56:31	Ok	8.115	0	0.550	0	4.363	0	2.002	0	10.408	0	0.123	0	NaN	-14	NaN	NaN
2023.10.01  17:26:31	Ok	8.426	0	0.517	0	4.404	0	1.997	0	10.514	0	0.122	0	NaN	-14	NaN	NaN
2023.10.01  17:56:31	Ok	7.869	0	0.543	0	4.299	0	2.022	0	10.261	0	0.132	0	NaN	-14	NaN	NaN
2023.10.01  18:26:31	Ok	8.112	0	0.528	0	4.249	0	1.922	0	10.146	0	0.124	0	NaN	-14	NaN	NaN
2023.10.01  18:56:31	Ok	8.434	0	0.255	0	4.321	0	1.915	0	10.318	0	0.121	0	NaN	-14	NaN	NaN
2023.10.01  19:26:31	Ok	8.416	0	0.676	0	4.293	0	1.983	0	10.238	0	0.130	0	NaN	-14	NaN	NaN
2023.10.01  19:56:31	Ok	9.512	0	0.306	0	4.592	0	1.852	0	10.959	0	0.124	0	NaN	-14	NaN	NaN
2023.10.01  20:26:31	Ok	9.583	0	0.340	0	4.591	0	1.836	0	10.955	0	0.117	0	NaN	-14	NaN	NaN
2023.10.01  20:56:31	Ok	9.514	0	0.323	0	4.570	0	1.873	0	10.906	0	0.125	0	NaN	-14	NaN	NaN
2023.10.01  21:26:31	Ok	10.134	0	0.304	0	4.673	0	1.795	0	11.147	0	0.118	0	NaN	-14	NaN	NaN
2023.10.01  21:56:31	Ok	10.241	0	0.344	0	4.734	0	1.796	0	11.300	0	0.120	0	NaN	-14	NaN	NaN
2023.10.01  22:26:31	Ok	10.434	0	0.327	0	4.762	0	1.808	0	11.373	0	0.132	0	NaN	-14	NaN	NaN
2023.10.01  22:56:31	Ok	10.668	0	0.330	0	4.803	0	1.785	0	11.472	0	0.128	0	NaN	-14	NaN	NaN
2023.10.01  23:26:31	Ok	10.634	0	0.336	0	4.703	0	1.778	0	11.222	0	0.128	0	NaN	-14	NaN	NaN
2023.10.01  23:56:31	Ok	11.179	0	0.342	0	5.043	0	1.827	0	12.038	0	0.133	0	NaN	-14	NaN	NaN
2023.10.02  00:26:31	Ok	11.758	0	0.398	0	5.157	0	1.827	0	12.316	0	0.150	0	NaN	-14	NaN	NaN
2023.10.02  00:56:31	Ok	11.960	0	0.396	0	5.146	0	1.770	0	12.281	0	0.133	0	NaN	-14	NaN	NaN
2023.10.02  01:26:31	Ok	11.558	0	0.390	0	5.085	0	1.815	0	12.132	0	0.139	0	NaN	-14	NaN	NaN
2023.10.02  01:56:31	Ok	11.462	0	0.391	0	5.067	0	1.777	0	12.089	0	0.143	0	NaN	-14	NaN	NaN
2023.10.02  02:26:31	Ok	12.408	0	0.409	0	5.185	0	1.726	0	12.375	0	0.135	0	NaN	-14	NaN	NaN
2023.10.02  02:56:31	Ok	12.642	0	0.400	0	5.301	0	1.713	0	12.644	0	0.139	0	NaN	-14	NaN	NaN
2023.10.02  03:26:31	Ok	12.589	0	0.390	0	5.259	0	1.712	0	12.550	0	0.137	0	NaN	-14	NaN	NaN
2023.10.02  03:56:31	Ok	11.239	0	0.387	0	5.081	0	1.841	0	12.119	0	0.138	0	NaN	-14	NaN	NaN
2023.10.02  04:26:31	Ok	12.169	0	0.361	0	5.235	0	1.834	0	12.490	0	0.142	0	NaN	-14	NaN	NaN
2023.10.02  04:56:31	Ok	12.427	0	0.382	0	5.330	0	1.815	0	12.726	0	0.147	0	NaN	-14	NaN	NaN
2023.10.02  05:26:31	Ok	7.083	0	0.236	0	4.023	0	1.934	0	9.612	0	0.110	0	NaN	-14	NaN	NaN
2023.10.02  05:56:31	Ok	7.479	0	0.280	0	4.160	0	1.958	0	9.944	0	0.119	0	NaN	-14	NaN	NaN
2023.10.02  06:26:31	Ok	6.905	0	0.255	0	4.097	0	1.990	0	9.780	0	0.114	0	NaN	-14	NaN	NaN
2023.10.02  06:56:31	Ok	6.090	0	0.273	0	3.940	0	1.998	0	9.412	0	0.110	0	NaN	-14	NaN	NaN
2023.10.02  07:26:31	Ok	6.404	0	0.256	0	4.028	0	2.021	0	9.623	0	0.120	0	NaN	-14	NaN	NaN
2023.10.02  07:56:31	Ok	7.088	0	0.281	0	4.160	0	2.006	0	9.934	0	0.115	0	NaN	-14	NaN	NaN
2023.10.02  08:26:31	Ok	8.137	0	0.300	0	4.387	0	1.932	0	10.471	0	0.122	0	NaN	-14	NaN	NaN
2023.10.02  08:56:31	Ok	8.692	0	0.323	0	4.493	0	1.900	0	10.733	0	0.121	0	NaN	-14	NaN	NaN
2023.10.02  09:26:31	Ok	6.369	0	0.269	0	4.009	0	1.974	0	9.575	0	0.110	0	NaN	-14	NaN	NaN
2023.10.02  09:56:31	Ok	7.120	0	0.281	0	4.149	0	1.953	0	9.910	0	0.116	0	NaN	-14	NaN	NaN
2023.10.02  10:26:31	Ok	7.096	0	0.289	0	4.130	0	1.961	0	9.867	0	0.119	0	NaN	-14	NaN	NaN
2023.10.02  10:56:31	Ok	6.569	0	0.280	0	3.983	0	1.954	0	9.515	0	0.119	0	NaN	-14	NaN	NaN
2023.10.02  11:26:31	Ok	5.962	0	0.250	0	3.927	0	1.992	0	9.383	0	0.118	0	NaN	-14	NaN	NaN
2023.10.02  11:56:31	Ok	6.417	0	0.255	0	3.962	0	1.952	0	9.465	0	0.117	0	NaN	-14	NaN	NaN
2023.10.02  12:26:31	Ok	5.843	0	0.281	0	3.940	0	2.019	0	9.414	0	0.116	0	NaN	-14	NaN	NaN
