18200005_350_0x0100_spectro::lyser_RIV1000FV22T	results of s::canpoint: ORIGINAL                            
Date/Time	Status	Turbid. [FTUeq]200.00-0.00_2	[Turbid._0.0_1.0_0.0_0.0]	NO3eq [mg/l]65.71-0.00_2	[NO3eq_0.0_1.0_0.0_0.0]	TOCeq [mg/l]30.00-0.00_2	[TOCeq_0.0_1.0_0.0_0.0]	DOCeq [mg/l]25.71-0.00_2	[DOCeq_0.0_1.0_0.0_0.0]	UV254t [Abs/m]71.43-0.00_2	[UV254t_0.0_1.0_0.0_0.0]	UV436f [Abs/m]60.00-0.00_2	[UV436f_0.0_1.0_0.0_0.0]	Temp. [°C]NaN-NaN_1	[Temp._0.0_1.0_0.0_0.0]	empty []NaN-NaN_2	[empty_0.0_1.0_0.0_0.0]
2024.01.12  19:43:24	Ok	24.162	0	0.406	0	7.838	0	1.279	0	18.738	0	0.191	0	NaN	-14	NaN	NaN
2024.01.12  20:13:24	Ok	25.112	0	0.403	0	7.991	0	1.261	0	19.105	0	0.193	0	NaN	-14	NaN	NaN
2024.01.12  20:43:24	Ok	24.245	0	0.439	0	7.911	0	1.229	0	18.912	0	0.198	0	NaN	-14	NaN	NaN
2024.01.12  21:13:24	Ok	24.805	0	0.419	0	7.977	0	1.177	0	19.070	0	0.195	0	NaN	-14	NaN	NaN
2024.01.12  21:43:24	Ok	25.661	0	0.449	0	8.186	0	1.169	0	19.575	0	0.199	0	NaN	-14	NaN	NaN
2024.01.12  22:13:24	Ok	25.191	0	0.455	0	8.082	0	1.111	0	19.321	0	0.198	0	NaN	-14	NaN	NaN
2024.01.12  22:43:24	Ok	25.480	0	0.447	0	8.146	0	1.108	0	19.475	0	0.200	0	NaN	-14	NaN	NaN
2024.01.12  23:13:24	Ok	22.692	0	0.382	0	7.589	0	1.381	0	18.114	0	0.184	0	NaN	-14	NaN	NaN
2024.01.12  23:43:24	Ok	24.741	0	0.397	0	7.823	0	1.426	0	18.699	0	0.194	0	NaN	-14	NaN	NaN
2024.01.13  00:13:24	Ok	22.617	0	0.404	0	7.600	0	1.370	0	18.157	0	0.192	0	NaN	-14	NaN	NaN
2024.01.13  00:43:24	Ok	22.350	0	0.411	0	7.591	0	1.338	0	18.129	0	0.190	0	NaN	-14	NaN	NaN
2024.01.13  01:13:24	Ok	25.536	0	0.440	0	8.010	0	1.352	0	19.134	0	0.192	0	NaN	-14	NaN	NaN
2024.01.13  01:43:24	Ok	23.552	0	0.447	0	7.819	0	1.314	0	18.670	0	0.187	0	NaN	-14	NaN	NaN
2024.01.13  02:13:24	Ok	22.928	0	0.418	0	7.682	0	1.288	0	18.346	0	0.193	0	NaN	-14	NaN	NaN
2024.01.13  02:43:24	Ok	23.141	0	0.441	0	7.824	0	1.300	0	18.685	0	0.200	0	NaN	-14	NaN	NaN
2024.01.13  03:13:24	Ok	23.791	0	0.464	0	7.958	0	1.278	0	19.002	0	0.197	0	NaN	-14	NaN	NaN
2024.01.13  03:43:24	Ok	24.186	0	0.456	0	8.007	0	1.236	0	19.116	0	0.200	0	NaN	-14	NaN	NaN
2024.01.13  04:13:24	Ok	25.886	0	0.459	0	8.217	0	1.204	0	19.636	0	0.198	0	NaN	-14	NaN	NaN
2024.01.13  04:43:24	Ok	24.326	0	0.464	0	8.070	0	1.220	0	19.277	0	0.209	0	NaN	-14	NaN	NaN
2024.01.13  05:13:24	Ok	26.279	0	0.465	0	8.327	0	1.183	0	19.903	0	0.213	0	NaN	-14	NaN	NaN
2024.01.13  05:43:24	Ok	26.095	0	0.432	0	8.336	0	1.197	0	19.912	0	0.206	0	NaN	-14	NaN	NaN
2024.01.13  06:13:24	Ok	24.544	0	0.457	0	8.185	0	1.190	0	19.552	0	0.211	0	NaN	-14	NaN	NaN
2024.01.13  06:43:24	Ok	25.402	0	0.461	0	8.353	0	1.212	0	19.951	0	0.217	0	NaN	-14	NaN	NaN
2024.01.13  07:13:24	Ok	25.062	0	0.464	0	8.299	0	1.149	0	19.817	0	0.211	0	NaN	-14	NaN	NaN
2024.01.13  07:43:24	Ok	26.179	0	0.462	0	8.528	0	1.190	0	20.371	0	0.222	0	NaN	-14	NaN	NaN
2024.01.13  08:13:24	Ok	29.354	0	0.483	0	8.977	0	1.167	0	21.435	0	0.221	0	NaN	-14	NaN	NaN
2024.01.13  08:43:24	Ok	31.107	0	0.507	0	9.271	0	1.132	0	22.115	0	0.226	0	NaN	-14	NaN	NaN
2024.01.13  09:13:24	Ok	27.068	0	0.475	0	8.753	0	1.141	0	20.907	0	0.226	0	NaN	-14	NaN	NaN
2024.01.13  09:43:24	Ok	26.263	0	0.477	0	8.564	0	1.151	0	20.451	0	0.215	0	NaN	-14	NaN	NaN
2024.01.13  10:13:24	Ok	24.024	0	0.418	0	7.908	0	1.408	0	18.878	0	0.189	0	NaN	-14	NaN	NaN
2024.01.13  10:43:24	Ok	20.280	0	0.416	0	7.295	0	1.587	0	17.390	0	0.184	0	NaN	-14	NaN	NaN
2024.01.13  11:13:24	Ok	20.213	0	0.405	0	7.248	0	1.600	0	17.277	0	0.190	0	NaN	-14	NaN	NaN
2024.01.13  11:43:24	Ok	19.431	0	0.397	0	7.095	0	1.688	0	16.916	0	0.184	0	NaN	-14	NaN	NaN
2024.01.13  12:13:24	Ok	19.861	0	0.391	0	7.162	0	1.650	0	17.079	0	0.186	0	NaN	-14	NaN	NaN
2024.01.13  12:43:24	Ok	20.571	0	0.387	0	7.313	0	1.626	0	17.437	0	0.186	0	NaN	-14	NaN	NaN
2024.01.13  13:13:24	Ok	20.904	0	0.391	0	7.367	0	1.622	0	17.566	0	0.184	0	NaN	-14	NaN	NaN
2024.01.13  13:43:24	Ok	21.720	0	0.378	0	7.493	0	1.575	0	17.852	0	0.180	0	NaN	-14	NaN	NaN
2024.01.13  14:13:24	Ok	20.276	0	0.341	0	7.142	0	1.680	0	17.035	0	0.180	0	NaN	-14	NaN	NaN
2024.01.13  14:43:24	Ok	20.284	0	0.339	0	7.213	0	1.680	0	17.207	0	0.179	0	NaN	-14	NaN	NaN
2024.01.13  15:13:24	Ok	21.167	0	0.357	0	7.352	0	1.653	0	17.541	0	0.180	0	NaN	-14	NaN	NaN
2024.01.13  15:43:24	Ok	21.256	0	0.337	0	7.331	0	1.617	0	17.496	0	0.174	0	NaN	-14	NaN	NaN
2024.01.13  16:13:24	Ok	21.663	0	0.347	0	7.454	0	1.605	0	17.787	0	0.182	0	NaN	-14	NaN	NaN
2024.01.13  16:43:24	Ok	21.970	0	0.359	0	7.494	0	1.602	0	17.882	0	0.186	0	NaN	-14	NaN	NaN
2024.01.13  17:13:24	Ok	21.907	0	0.357	0	7.507	0	1.604	0	17.908	0	0.186	0	NaN	-14	NaN	NaN
2024.01.13  17:43:24	Ok	23.229	0	0.358	0	7.762	0	1.527	0	18.520	0	0.192	0	NaN	-14	NaN	NaN
2024.01.13  18:13:24	Ok	25.439	0	0.354	0	8.114	0	1.509	0	19.358	0	0.196	0	NaN	-14	NaN	NaN
2024.01.13  18:43:24	Ok	26.751	0	0.396	0	8.395	0	1.457	0	20.019	0	0.193	0	NaN	-14	NaN	NaN
2024.01.13  19:13:24	Ok	27.522	0	0.385	0	8.511	0	1.427	0	20.297	0	0.199	0	NaN	-14	NaN	NaN
2024.01.13  19:43:24	Ok	27.917	0	0.366	0	8.614	0	1.418	0	20.545	0	0.201	0	NaN	-14	NaN	NaN
2024.01.13  20:13:24	Ok	29.482	0	0.418	0	8.924	0	1.371	0	21.286	0	0.206	0	NaN	-14	NaN	NaN
2024.01.13  20:43:24	Ok	31.096	0	0.433	0	9.245	0	1.354	0	22.039	0	0.209	0	NaN	-14	NaN	NaN
2024.01.13  21:13:24	Ok	30.257	0	0.425	0	9.099	0	1.330	0	21.705	0	0.206	0	NaN	-14	NaN	NaN
2024.01.13  21:43:24	Ok	31.348	0	0.452	0	9.283	0	1.242	0	22.128	0	0.211	0	NaN	-14	NaN	NaN
2024.01.13  22:13:24	Ok	31.047	0	0.447	0	9.266	0	1.245	0	22.088	0	0.216	0	NaN	-14	NaN	NaN
2024.01.13  22:43:24	Ok	32.005	0	0.472	0	9.438	0	1.191	0	22.499	0	0.209	0	NaN	-14	NaN	NaN
2024.01.13  23:13:24	Ok	32.137	0	0.446	0	9.504	0	1.183	0	22.661	0	0.214	0	NaN	-14	NaN	NaN
2024.01.13  23:43:24	Ok	32.826	0	0.446	0	9.658	0	1.212	0	23.027	0	0.220	0	NaN	-14	NaN	NaN
2024.01.14  00:13:24	Ok	33.885	0	0.493	0	9.882	0	1.129	0	23.557	0	0.235	0	NaN	-14	NaN	NaN
2024.01.14  00:43:24	Ok	33.287	0	0.496	0	9.853	0	1.153	0	23.484	0	0.222	0	NaN	-14	NaN	NaN
2024.01.14  01:13:24	Ok	33.485	0	0.491	0	9.883	0	1.160	0	23.551	0	0.225	0	NaN	-14	NaN	NaN
