18200005_350_0x0100_spectro::lyser_RIV1000FV22T	results of s::canpoint: ORIGINAL                            
Date/Time	Status	Turbid. [FTUeq]200.00-0.00_2	[Turbid._0.0_1.0_0.0_0.0]	NO3eq [mg/l]65.71-0.00_2	[NO3eq_0.0_1.0_0.0_0.0]	TOCeq [mg/l]30.00-0.00_2	[TOCeq_0.0_1.0_0.0_0.0]	DOCeq [mg/l]25.71-0.00_2	[DOCeq_0.0_1.0_0.0_0.0]	UV254t [Abs/m]71.43-0.00_2	[UV254t_0.0_1.0_0.0_0.0]	UV436f [Abs/m]60.00-0.00_2	[UV436f_0.0_1.0_0.0_0.0]	Temp. [°C]NaN-NaN_1	[Temp._0.0_1.0_0.0_0.0]	empty []NaN-NaN_2	[empty_0.0_1.0_0.0_0.0]
2024.05.30  17:10:52	Ok	5.139	0	0.076	0	4.026	0	2.133	0	9.633	0	0.105	0	NaN	-14	NaN	NaN
2024.05.30  17:40:52	Ok	5.133	0	0.112	0	4.073	0	2.143	0	9.746	0	0.112	0	NaN	-14	NaN	NaN
2024.05.30  18:10:52	Ok	5.389	0	0.110	0	4.155	0	2.122	0	9.942	0	0.106	0	NaN	-14	NaN	NaN
2024.05.30  18:40:52	Ok	3.784	0	0.078	0	3.687	0	2.145	0	8.824	0	0.092	0	NaN	-14	NaN	NaN
2024.05.30  19:10:52	Ok	3.995	0	0.064	0	3.744	0	2.150	0	8.961	0	0.098	0	NaN	-14	NaN	NaN
2024.05.30  19:40:52	Ok	4.153	0	0.095	0	3.780	0	2.126	0	9.044	0	0.091	0	NaN	-14	NaN	NaN
2024.05.30  20:10:52	Ok	4.201	0	0.093	0	3.857	0	2.169	0	9.228	0	0.105	0	NaN	-14	NaN	NaN
2024.05.30  20:40:52	Ok	4.340	0	0.058	0	3.913	0	2.162	0	9.358	0	0.101	0	NaN	-14	NaN	NaN
2024.05.30  21:10:52	Ok	4.544	0	0.088	0	3.854	0	2.091	0	9.222	0	0.096	0	NaN	-14	NaN	NaN
2024.05.30  21:40:52	Ok	4.833	0	0.093	0	3.950	0	2.063	0	9.453	0	0.098	0	NaN	-14	NaN	NaN
2024.05.30  22:10:52	Ok	5.143	0	0.118	0	4.052	0	2.088	0	9.698	0	0.109	0	NaN	-14	NaN	NaN
2024.05.30  22:40:52	Ok	5.247	0	0.110	0	4.042	0	2.059	0	9.674	0	0.105	0	NaN	-14	NaN	NaN
2024.05.30  23:10:52	Ok	5.378	0	0.102	0	4.133	0	2.074	0	9.886	0	0.106	0	NaN	-14	NaN	NaN
2024.05.30  23:40:52	Ok	5.617	0	0.082	0	4.196	0	2.076	0	10.037	0	0.115	0	NaN	-14	NaN	NaN
2024.05.31  00:10:52	Ok	5.655	0	0.087	0	4.177	0	2.047	0	9.989	0	0.106	0	NaN	-14	NaN	NaN
2024.05.31  00:40:52	Ok	5.616	0	0.093	0	4.174	0	2.050	0	9.986	0	0.110	0	NaN	-14	NaN	NaN
2024.05.31  01:10:52	Ok	6.133	0	0.089	0	4.259	0	2.037	0	10.180	0	0.108	0	NaN	-14	NaN	NaN
2024.05.31  01:40:52	Ok	5.690	0	0.103	0	4.210	0	2.055	0	10.072	0	0.114	0	NaN	-14	NaN	NaN
2024.05.31  02:10:52	Ok	5.728	0	0.066	0	4.221	0	2.060	0	10.101	0	0.122	0	NaN	-14	NaN	NaN
2024.05.31  02:40:52	Ok	5.384	0	0.097	0	4.134	0	2.087	0	9.898	0	0.108	0	NaN	-14	NaN	NaN
2024.05.31  03:10:52	Ok	5.256	0	0.084	0	4.046	0	2.067	0	9.685	0	0.110	0	NaN	-14	NaN	NaN
2024.05.31  03:40:52	Ok	5.408	0	0.065	0	4.080	0	2.056	0	9.770	0	0.113	0	NaN	-14	NaN	NaN
2024.05.31  04:10:52	Ok	5.640	0	0.096	0	4.128	0	2.047	0	9.884	0	0.116	0	NaN	-14	NaN	NaN
2024.05.31  04:40:52	Ok	6.432	0	0.130	0	4.300	0	2.081	0	10.292	0	0.123	0	NaN	-14	NaN	NaN
2024.05.31  05:10:52	Ok	5.056	0	0.083	0	3.972	0	2.085	0	9.506	0	0.114	0	NaN	-14	NaN	NaN
2024.05.31  05:40:52	Ok	4.608	0	0.083	0	3.901	0	2.100	0	9.341	0	0.105	0	NaN	-14	NaN	NaN
2024.05.31  06:10:52	Ok	4.805	0	0.080	0	3.941	0	2.082	0	9.431	0	0.109	0	NaN	-14	NaN	NaN
2024.05.31  06:40:52	Ok	4.811	0	0.066	0	3.940	0	2.099	0	9.429	0	0.114	0	NaN	-14	NaN	NaN
2024.05.31  07:10:52	Ok	4.712	0	0.071	0	3.914	0	2.101	0	9.365	0	0.117	0	NaN	-14	NaN	NaN
2024.05.31  07:40:52	Ok	4.799	0	0.063	0	3.917	0	2.089	0	9.375	0	0.111	0	NaN	-14	NaN	NaN
2024.05.31  08:10:52	Ok	4.806	0	0.057	0	3.909	0	2.109	0	9.353	0	0.118	0	NaN	-14	NaN	NaN
2024.05.31  08:40:52	Ok	4.469	0	0.066	0	3.831	0	2.182	0	9.168	0	0.109	0	NaN	-14	NaN	NaN
2024.05.31  09:10:52	Ok	4.014	0	0.063	0	3.772	0	2.187	0	9.027	0	0.117	0	NaN	-14	NaN	NaN
2024.05.31  09:40:52	Ok	4.406	0	0.059	0	3.839	0	2.163	0	9.187	0	0.109	0	NaN	-14	NaN	NaN
2024.05.31  10:10:52	Ok	4.051	0	0.069	0	3.784	0	2.195	0	9.062	0	0.116	0	NaN	-14	NaN	NaN
2024.05.31  10:40:52	Ok	4.299	0	0.061	0	3.834	0	2.182	0	9.172	0	0.109	0	NaN	-14	NaN	NaN
2024.05.31  11:10:52	Ok	6.144	0	0.075	0	4.074	0	2.178	0	9.763	0	0.107	0	NaN	-14	NaN	NaN
2024.05.31  11:40:52	Ok	4.547	0	0.067	0	3.873	0	2.157	0	9.265	0	0.111	0	NaN	-14	NaN	NaN
2024.05.31  12:10:52	Ok	4.500	0	0.087	0	3.917	0	2.167	0	9.376	0	0.114	0	NaN	-14	NaN	NaN
2024.05.31  12:40:52	Ok	4.724	0	0.072	0	3.920	0	2.154	0	9.379	0	0.113	0	NaN	-14	NaN	NaN
2024.05.31  13:10:52	Ok	4.565	0	0.100	0	3.902	0	2.127	0	9.339	0	0.105	0	NaN	-14	NaN	NaN
2024.05.31  13:40:52	Ok	6.853	0	0.078	0	4.157	0	2.139	0	9.962	0	0.111	0	NaN	-14	NaN	NaN
2024.05.31  14:10:52	Ok	4.874	0	0.089	0	3.945	0	2.121	0	9.443	0	0.110	0	NaN	-14	NaN	NaN
2024.05.31  14:40:52	Ok	5.130	0	0.086	0	3.978	0	2.118	0	9.519	0	0.111	0	NaN	-14	NaN	NaN
2024.05.31  15:10:52	Ok	5.085	0	0.097	0	3.957	0	2.114	0	9.475	0	0.114	0	NaN	-14	NaN	NaN
2024.05.31  15:40:52	Ok	6.604	0	0.091	0	4.113	0	2.089	0	9.846	0	0.105	0	NaN	-14	NaN	NaN
2024.05.31  16:10:52	Ok	7.991	0	0.070	0	4.323	0	2.067	0	10.343	0	0.108	0	NaN	-14	NaN	NaN
2024.05.31  16:40:52	Ok	6.337	0	0.103	0	4.169	0	2.068	0	9.984	0	0.109	0	NaN	-14	NaN	NaN
2024.05.31  17:10:52	Ok	4.890	0	0.062	0	3.875	0	2.117	0	9.277	0	0.110	0	NaN	-14	NaN	NaN
2024.05.31  17:40:52	Ok	5.483	0	0.110	0	3.961	0	2.126	0	9.480	0	0.114	0	NaN	-14	NaN	NaN
2024.05.31  18:10:52	Ok	5.553	0	0.110	0	4.028	0	2.109	0	9.648	0	0.118	0	NaN	-14	NaN	NaN
2024.05.31  18:40:52	Ok	6.283	0	0.096	0	4.189	0	2.119	0	10.023	0	0.119	0	NaN	-14	NaN	NaN
2024.05.31  19:10:52	Ok	5.905	0	0.132	0	4.192	0	2.157	0	10.035	0	0.130	0	NaN	-14	NaN	NaN
2024.05.31  19:40:52	Ok	6.044	0	0.072	0	4.224	0	2.131	0	10.101	0	0.126	0	NaN	-14	NaN	NaN
2024.05.31  20:10:52	Ok	6.349	0	0.096	0	4.327	0	2.139	0	10.351	0	0.131	0	NaN	-14	NaN	NaN
2024.05.31  20:40:52	Ok	6.395	0	0.095	0	4.332	0	2.124	0	10.360	0	0.128	0	NaN	-14	NaN	NaN
2024.05.31  21:10:52	Ok	6.628	0	0.110	0	4.328	0	2.078	0	10.353	0	0.123	0	NaN	-14	NaN	NaN
2024.05.31  21:40:52	Ok	6.724	0	0.107	0	4.369	0	2.051	0	10.446	0	0.117	0	NaN	-14	NaN	NaN
2024.05.31  22:10:52	Ok	7.118	0	0.116	0	4.415	0	2.021	0	10.555	0	0.120	0	NaN	-14	NaN	NaN
2024.05.31  22:40:52	Ok	7.498	0	0.136	0	4.458	0	1.994	0	10.658	0	0.123	0	NaN	-14	NaN	NaN
2024.05.31  23:10:52	Ok	7.693	0	0.117	0	4.549	0	2.055	0	10.874	0	0.128	0	NaN	-14	NaN	NaN
2024.05.31  23:40:52	Ok	7.435	0	0.102	0	4.530	0	2.047	0	10.834	0	0.123	0	NaN	-14	NaN	NaN
2024.06.01  00:10:52	Ok	8.024	0	0.103	0	4.583	0	2.059	0	10.970	0	0.127	0	NaN	-14	NaN	NaN
2024.06.01  00:40:52	Ok	7.196	0	0.106	0	4.471	0	2.032	0	10.696	0	0.130	0	NaN	-14	NaN	NaN
2024.06.01  01:10:52	Ok	7.201	0	0.121	0	4.481	0	2.020	0	10.722	0	0.126	0	NaN	-14	NaN	NaN
2024.06.01  01:40:52	Ok	7.851	0	0.117	0	4.576	0	2.018	0	10.949	0	0.121	0	NaN	-14	NaN	NaN
2024.06.01  02:10:52	Ok	7.836	0	0.116	0	4.600	0	1.990	0	11.007	0	0.121	0	NaN	-14	NaN	NaN
2024.06.01  02:40:52	Ok	7.758	0	0.115	0	4.579	0	1.985	0	10.957	0	0.123	0	NaN	-14	NaN	NaN
2024.06.01  03:10:52	Ok	7.922	0	0.102	0	4.627	0	1.989	0	11.076	0	0.129	0	NaN	-14	NaN	NaN
2024.06.01  03:40:52	Ok	8.218	0	0.114	0	4.686	0	1.989	0	11.211	0	0.126	0	NaN	-14	NaN	NaN
2024.06.01  04:10:52	Ok	7.764	0	0.090	0	4.650	0	2.021	0	11.126	0	0.128	0	NaN	-14	NaN	NaN
2024.06.01  04:40:52	Ok	8.367	0	0.130	0	4.722	0	2.005	0	11.301	0	0.124	0	NaN	-14	NaN	NaN
2024.06.01  05:10:52	Ok	7.150	0	0.091	0	4.484	0	2.056	0	10.727	0	0.126	0	NaN	-14	NaN	NaN
2024.06.01  05:40:52	Ok	5.988	0	0.096	0	4.196	0	2.104	0	10.041	0	0.116	0	NaN	-14	NaN	NaN
2024.06.01  06:10:52	Ok	6.694	0	0.106	0	4.363	0	2.025	0	10.440	0	0.119	0	NaN	-14	NaN	NaN
2024.06.01  06:40:52	Ok	7.059	0	0.089	0	4.427	0	2.026	0	10.596	0	0.123	0	NaN	-14	NaN	NaN
2024.06.01  07:10:52	Ok	6.839	0	0.096	0	4.371	0	2.031	0	10.457	0	0.120	0	NaN	-14	NaN	NaN
2024.06.01  07:40:52	Ok	6.904	0	0.116	0	4.348	0	2.022	0	10.402	0	0.123	0	NaN	-14	NaN	NaN
2024.06.01  08:10:52	Ok	6.992	0	0.090	0	4.388	0	2.044	0	10.493	0	0.118	0	NaN	-14	NaN	NaN
2024.06.01  08:40:52	Ok	12.159	0	0.090	0	5.028	0	2.030	0	12.024	0	0.119	0	NaN	-14	NaN	NaN
2024.06.01  09:10:52	Ok	6.821	0	0.085	0	4.381	0	2.040	0	10.477	0	0.124	0	NaN	-14	NaN	NaN
2024.06.01  09:40:52	Ok	6.299	0	0.071	0	4.118	0	2.178	0	9.859	0	0.115	0	NaN	-14	NaN	NaN
2024.06.01  10:10:52	Ok	4.513	0	0.084	0	3.897	0	2.150	0	9.326	0	0.112	0	NaN	-14	NaN	NaN
2024.06.01  10:40:52	Ok	4.785	0	0.065	0	3.983	0	2.187	0	9.531	0	0.121	0	NaN	-14	NaN	NaN
2024.06.01  11:10:52	Ok	5.285	0	0.073	0	4.017	0	2.159	0	9.610	0	0.108	0	NaN	-14	NaN	NaN
2024.06.01  11:40:52	Ok	5.240	0	0.077	0	4.019	0	2.159	0	9.614	0	0.117	0	NaN	-14	NaN	NaN
2024.06.01  12:10:52	Ok	5.088	0	0.076	0	4.031	0	2.168	0	9.645	0	0.115	0	NaN	-14	NaN	NaN
2024.06.01  12:40:52	Ok	5.972	0	0.072	0	4.273	0	2.225	0	10.225	0	0.128	0	NaN	-14	NaN	NaN
2024.06.01  13:10:52	Ok	5.333	0	0.102	0	4.137	0	2.197	0	9.898	0	0.119	0	NaN	-14	NaN	NaN
2024.06.01  13:40:52	Ok	5.160	0	0.068	0	4.021	0	2.151	0	9.622	0	0.114	0	NaN	-14	NaN	NaN
2024.06.01  14:10:52	Ok	5.448	0	0.085	0	4.080	0	2.157	0	9.760	0	0.117	0	NaN	-14	NaN	NaN
2024.06.01  14:40:52	Ok	5.893	0	0.073	0	4.214	0	2.172	0	10.083	0	0.121	0	NaN	-14	NaN	NaN
2024.06.01  15:10:52	Ok	4.508	0	0.087	0	3.960	0	2.224	0	9.470	0	0.106	0	NaN	-14	NaN	NaN
2024.06.01  15:40:52	Ok	4.764	0	0.066	0	4.075	0	2.303	0	9.748	0	0.122	0	NaN	-14	NaN	NaN
2024.06.01  16:10:52	Ok	4.917	0	0.077	0	4.186	0	2.338	0	10.015	0	0.124	0	NaN	-14	NaN	NaN
2024.06.01  16:40:52	Ok	4.994	0	0.068	0	4.110	0	2.250	0	9.831	0	0.111	0	NaN	-14	NaN	NaN
2024.06.01  17:10:52	Ok	5.368	0	0.069	0	4.131	0	2.212	0	9.882	0	0.115	0	NaN	-14	NaN	NaN
2024.06.01  17:40:52	Ok	5.424	0	0.102	0	4.124	0	2.194	0	9.867	0	0.115	0	NaN	-14	NaN	NaN
2024.06.01  18:10:52	Ok	7.554	0	0.106	0	4.453	0	2.197	0	10.637	0	0.114	0	NaN	-14	NaN	NaN
2024.06.01  18:40:52	Ok	6.409	0	0.107	0	4.339	0	2.159	0	10.363	0	0.114	0	NaN	-14	NaN	NaN
2024.06.01  19:10:52	Ok	6.050	0	0.086	0	4.261	0	2.140	0	10.189	0	0.108	0	NaN	-14	NaN	NaN
2024.06.01  19:40:52	Ok	6.361	0	0.097	0	4.319	0	2.150	0	10.326	0	0.120	0	NaN	-14	NaN	NaN
2024.06.01  20:10:52	Ok	7.758	0	0.126	0	4.544	0	2.099	0	10.873	0	0.115	0	NaN	-14	NaN	NaN
2024.06.01  20:40:52	Ok	7.609	0	0.097	0	4.575	0	2.044	0	10.938	0	0.112	0	NaN	-14	NaN	NaN
2024.06.01  21:10:52	Ok	7.591	0	0.098	0	4.566	0	2.036	0	10.921	0	0.111	0	NaN	-14	NaN	NaN
2024.06.01  21:40:52	Ok	7.548	0	0.095	0	4.561	0	2.048	0	10.914	0	0.116	0	NaN	-14	NaN	NaN
2024.06.01  22:10:52	Ok	7.697	0	0.118	0	4.592	0	2.050	0	10.990	0	0.117	0	NaN	-14	NaN	NaN
2024.06.01  22:40:52	Ok	7.866	0	0.092	0	4.627	0	2.037	0	11.072	0	0.118	0	NaN	-14	NaN	NaN
2024.06.01  23:10:52	Ok	9.595	0	0.118	0	4.914	0	1.909	0	11.766	0	0.122	0	NaN	-14	NaN	NaN
2024.06.01  23:40:52	Ok	9.988	0	0.122	0	5.012	0	1.889	0	11.996	0	0.121	0	NaN	-14	NaN	NaN
2024.06.02  00:10:52	Ok	9.937	0	0.138	0	5.046	0	1.902	0	12.080	0	0.127	0	NaN	-14	NaN	NaN
2024.06.02  00:40:52	Ok	9.857	0	0.117	0	5.026	0	1.894	0	12.027	0	0.125	0	NaN	-14	NaN	NaN
2024.06.02  01:10:52	Ok	9.749	0	0.142	0	5.023	0	1.894	0	12.020	0	0.129	0	NaN	-14	NaN	NaN
2024.06.02  01:40:52	Ok	9.938	0	0.136	0	5.002	0	1.901	0	11.973	0	0.131	0	NaN	-14	NaN	NaN
2024.06.02  02:10:52	Ok	9.662	0	0.128	0	4.986	0	1.919	0	11.933	0	0.132	0	NaN	-14	NaN	NaN
2024.06.02  02:40:52	Ok	9.952	0	0.112	0	5.061	0	1.904	0	12.104	0	0.134	0	NaN	-14	NaN	NaN
2024.06.02  03:10:52	Ok	10.466	0	0.114	0	5.166	0	1.883	0	12.367	0	0.133	0	NaN	-14	NaN	NaN
2024.06.02  03:40:52	Ok	10.544	0	0.120	0	5.183	0	1.879	0	12.413	0	0.138	0	NaN	-14	NaN	NaN
2024.06.02  04:10:52	Ok	11.038	0	0.098	0	5.250	0	1.867	0	12.558	0	0.129	0	NaN	-14	NaN	NaN
2024.06.02  04:40:52	Ok	11.175	0	0.151	0	5.374	0	1.851	0	12.867	0	0.138	0	NaN	-14	NaN	NaN
